0,32,137438953472,2
0,32,137438953473,1
0,32,137438953474,0
0,32,137438953475,0
0,32,137438953476,1
0,32,137438953477,4
0,32,137438953478,1
0,32,137438953479,1
0,32,137438953480,74
0,32,137438953481,3
0,32,137438953482,19
0,32,137438953483,655
0,32,137438953484,2
0,32,137438953485,1
0,32,137438953486,1
0,32,137438953487,1
0,32,137438953488,1
0,32,137438953489,0
0,32,137438953490,1
0,32,137438953491,10
0,32,137438953492,1
0,32,137438953493,2
0,32,137438953494,0
0,32,137438953495,0
0,32,137438953496,1
1,32,137438953472,3318
1,32,137438953473,3415
1,32,137438953474,3273
1,32,137438953475,2988
1,32,137438953476,3508
1,32,137438953477,3400
1,32,137438953478,3131
1,32,137438953479,2337
1,32,137438953480,4138
1,32,137438953481,2101
1,32,137438953482,3819
1,32,137438953483,4521
1,32,137438953484,2603
1,32,137438953485,278
1,32,137438953486,2601
1,32,137438953487,2302
1,32,137438953488,1951
1,32,137438953489,2311
1,32,137438953490,2077
1,32,137438953491,2194
1,32,137438953492,4419
1,32,137438953493,1742
1,32,137438953494,2677
1,32,137438953495,1834
1,32,137438953496,2825
2,32,137438953472,0
2,32,137438953473,0
2,32,137438953474,0
2,32,137438953475,0
2,32,137438953476,0
2,32,137438953477,0
2,32,137438953478,0
2,32,137438953479,0
2,32,137438953480,0
2,32,137438953481,0
2,32,137438953482,0
2,32,137438953483,0
2,32,137438953484,0
2,32,137438953485,0
2,32,137438953486,0
2,32,137438953487,0
2,32,137438953488,0
2,32,137438953489,0
2,32,137438953490,0
2,32,137438953491,0
2,32,137438953492,0
2,32,137438953493,0
2,32,137438953494,1
2,32,137438953495,0
2,32,137438953496,0
3,32,137438953472,3
3,32,137438953473,0
3,32,137438953474,0
3,32,137438953475,1
3,32,137438953476,0
3,32,137438953477,0
3,32,137438953478,3
3,32,137438953479,0
3,32,137438953480,0
3,32,137438953481,0
3,32,137438953482,0
3,32,137438953483,2142541
3,32,137438953484,4
3,32,137438953485,14
3,32,137438953486,4
3,32,137438953487,0
3,32,137438953488,0
3,32,137438953489,1
3,32,137438953490,0
3,32,137438953491,0
3,32,137438953492,1
3,32,137438953493,9
3,32,137438953494,1
3,32,137438953495,1
3,32,137438953496,0
4,32,137438953472,1
4,32,137438953473,0
4,32,137438953474,0
4,32,137438953475,0
4,32,137438953476,0
4,32,137438953477,0
4,32,137438953478,1
4,32,137438953479,0
4,32,137438953480,21
4,32,137438953481,2
4,32,137438953482,11
4,32,137438953483,74343
4,32,137438953484,2
4,32,137438953485,1
4,32,137438953486,2
4,32,137438953487,1
4,32,137438953488,0
4,32,137438953489,0
4,32,137438953490,0
4,32,137438953491,0
4,32,137438953492,0
4,32,137438953493,5
4,32,137438953494,0
4,32,137438953495,0
4,32,137438953496,0
5,32,137438953472,0
5,32,137438953473,0
5,32,137438953474,0
5,32,137438953475,0
5,32,137438953476,0
5,32,137438953477,0
5,32,137438953478,0
5,32,137438953479,0
5,32,137438953480,0
5,32,137438953481,0
5,32,137438953482,0
5,32,137438953483,1501
5,32,137438953484,1
5,32,137438953485,0
5,32,137438953486,0
5,32,137438953487,1
5,32,137438953488,0
5,32,137438953489,0
5,32,137438953490,0
5,32,137438953491,0
5,32,137438953492,0
5,32,137438953493,0
5,32,137438953494,0
5,32,137438953495,0
5,32,137438953496,0
6,32,137438953472,0
6,32,137438953473,0
6,32,137438953474,0
6,32,137438953475,0
6,32,137438953476,0
6,32,137438953477,0
6,32,137438953478,0
6,32,137438953479,0
6,32,137438953480,0
6,32,137438953481,0
6,32,137438953482,0
6,32,137438953483,171
6,32,137438953484,0
6,32,137438953485,0
6,32,137438953486,0
6,32,137438953487,0
6,32,137438953488,0
6,32,137438953489,0
6,32,137438953490,0
6,32,137438953491,0
6,32,137438953492,0
6,32,137438953493,0
6,32,137438953494,0
6,32,137438953495,0
6,32,137438953496,0
7,32,137438953472,0
7,32,137438953473,0
7,32,137438953474,0
7,32,137438953475,0
7,32,137438953476,0
7,32,137438953477,0
7,32,137438953478,0
7,32,137438953479,0
7,32,137438953480,0
7,32,137438953481,0
7,32,137438953482,0
7,32,137438953483,2
7,32,137438953484,0
7,32,137438953485,0
7,32,137438953486,0
7,32,137438953487,0
7,32,137438953488,0
7,32,137438953489,0
7,32,137438953490,0
7,32,137438953491,0
7,32,137438953492,0
7,32,137438953493,0
7,32,137438953494,0
7,32,137438953495,0
7,32,137438953496,0
8,32,137438953472,0
8,32,137438953473,0
8,32,137438953474,0
8,32,137438953475,0
8,32,137438953476,0
8,32,137438953477,0
8,32,137438953478,0
8,32,137438953479,0
8,32,137438953480,0
8,32,137438953481,0
8,32,137438953482,0
8,32,137438953483,0
8,32,137438953484,0
8,32,137438953485,0
8,32,137438953486,0
8,32,137438953487,0
8,32,137438953488,0
8,32,137438953489,0
8,32,137438953490,0
8,32,137438953491,0
8,32,137438953492,0
8,32,137438953493,0
8,32,137438953494,0
8,32,137438953495,0
8,32,137438953496,0
9,32,137438953472,0
9,32,137438953473,0
9,32,137438953474,0
9,32,137438953475,0
9,32,137438953476,0
9,32,137438953477,0
9,32,137438953478,0
9,32,137438953479,0
9,32,137438953480,0
9,32,137438953481,0
9,32,137438953482,0
9,32,137438953483,0
9,32,137438953484,0
9,32,137438953485,0
9,32,137438953486,0
9,32,137438953487,0
9,32,137438953488,0
9,32,137438953489,0
9,32,137438953490,0
9,32,137438953491,0
9,32,137438953492,0
9,32,137438953493,0
9,32,137438953494,0
9,32,137438953495,1
9,32,137438953496,0
10,32,137438953472,0
10,32,137438953473,0
10,32,137438953474,0
10,32,137438953475,0
10,32,137438953476,0
10,32,137438953477,0
10,32,137438953478,0
10,32,137438953479,0
10,32,137438953480,0
10,32,137438953481,0
10,32,137438953482,0
10,32,137438953483,0
10,32,137438953484,0
10,32,137438953485,0
10,32,137438953486,0
10,32,137438953487,0
10,32,137438953488,0
10,32,137438953489,0
10,32,137438953490,0
10,32,137438953491,0
10,32,137438953492,0
10,32,137438953493,0
10,32,137438953494,0
10,32,137438953495,0
10,32,137438953496,0
11,32,137438953472,0
11,32,137438953473,0
11,32,137438953474,0
11,32,137438953475,1
11,32,137438953476,0
11,32,137438953477,0
11,32,137438953478,0
11,32,137438953479,0
11,32,137438953480,0
11,32,137438953481,0
11,32,137438953482,0
11,32,137438953483,0
11,32,137438953484,0
11,32,137438953485,0
11,32,137438953486,0
11,32,137438953487,0
11,32,137438953488,0
11,32,137438953489,0
11,32,137438953490,0
11,32,137438953491,0
11,32,137438953492,0
11,32,137438953493,0
11,32,137438953494,0
11,32,137438953495,0
11,32,137438953496,0
12,32,137438953472,0
12,32,137438953473,0
12,32,137438953474,0
12,32,137438953475,0
12,32,137438953476,1
12,32,137438953477,1
12,32,137438953478,0
12,32,137438953479,0
12,32,137438953480,43
12,32,137438953481,10
12,32,137438953482,7
12,32,137438953483,4196
12,32,137438953484,2
12,32,137438953485,7
12,32,137438953486,3
12,32,137438953487,0
12,32,137438953488,0
12,32,137438953489,0
12,32,137438953490,0
12,32,137438953491,0
12,32,137438953492,0
12,32,137438953493,5
12,32,137438953494,0
12,32,137438953495,0
12,32,137438953496,0
13,32,137438953472,0
13,32,137438953473,1
13,32,137438953474,1
13,32,137438953475,0
13,32,137438953476,1
13,32,137438953477,0
13,32,137438953478,1
13,32,137438953479,0
13,32,137438953480,1
13,32,137438953481,0
13,32,137438953482,1
13,32,137438953483,203
13,32,137438953484,1
13,32,137438953485,0
13,32,137438953486,1
13,32,137438953487,0
13,32,137438953488,0
13,32,137438953489,0
13,32,137438953490,1
13,32,137438953491,0
13,32,137438953492,0
13,32,137438953493,1
13,32,137438953494,0
13,32,137438953495,0
13,32,137438953496,1
14,32,137438953472,622
14,32,137438953473,434
14,32,137438953474,524
14,32,137438953475,300
14,32,137438953476,534
14,32,137438953477,588
14,32,137438953478,264
14,32,137438953479,257
14,32,137438953480,434
14,32,137438953481,321
14,32,137438953482,296
14,32,137438953483,7293
14,32,137438953484,228
14,32,137438953485,316
14,32,137438953486,107
14,32,137438953487,216
14,32,137438953488,340
14,32,137438953489,196
14,32,137438953490,185
14,32,137438953491,179
14,32,137438953492,193
14,32,137438953493,343
14,32,137438953494,296
14,32,137438953495,84
14,32,137438953496,114
15,32,137438953472,0
15,32,137438953473,0
15,32,137438953474,0
15,32,137438953475,0
15,32,137438953476,0
15,32,137438953477,0
15,32,137438953478,0
15,32,137438953479,0
15,32,137438953480,0
15,32,137438953481,0
15,32,137438953482,0
15,32,137438953483,0
15,32,137438953484,0
15,32,137438953485,0
15,32,137438953486,0
15,32,137438953487,0
15,32,137438953488,0
15,32,137438953489,0
15,32,137438953490,0
15,32,137438953491,0
15,32,137438953492,0
15,32,137438953493,0
15,32,137438953494,0
15,32,137438953495,0
15,32,137438953496,0
