0,15,64424509440,1
0,15,64424509441,1
0,15,64424509442,46
0,15,64424509443,0
0,15,64424509444,1
0,15,64424509445,14
0,15,64424509446,0
0,15,64424509447,12
0,15,64424509448,164
0,15,64424509449,1
0,15,64424509450,0
0,15,64424509451,1
0,15,64424509452,0
0,15,64424509453,0
0,15,64424509454,0
0,15,64424509455,3
0,15,64424509456,0
0,15,64424509457,0
0,15,64424509458,1
0,15,64424509459,0
0,15,64424509460,0
0,15,64424509461,1
0,15,64424509462,0
0,15,64424509463,0
0,15,64424509464,1
0,15,64424509465,1
0,15,64424509466,0
1,15,64424509440,3277
1,15,64424509441,3783
1,15,64424509442,2947
1,15,64424509443,2971
1,15,64424509444,3358
1,15,64424509445,3131
1,15,64424509446,3207
1,15,64424509447,797
1,15,64424509448,12
1,15,64424509449,9
1,15,64424509450,9
1,15,64424509451,9
1,15,64424509452,9
1,15,64424509453,9
1,15,64424509454,9
1,15,64424509455,8
1,15,64424509456,9
1,15,64424509457,8
1,15,64424509458,9
1,15,64424509459,9
1,15,64424509460,9
1,15,64424509461,9
1,15,64424509462,9
1,15,64424509463,11
1,15,64424509464,10
1,15,64424509465,9
1,15,64424509466,9
2,15,64424509440,1
2,15,64424509441,0
2,15,64424509442,0
2,15,64424509443,0
2,15,64424509444,0
2,15,64424509445,0
2,15,64424509446,0
2,15,64424509447,0
2,15,64424509448,0
2,15,64424509449,0
2,15,64424509450,0
2,15,64424509451,0
2,15,64424509452,0
2,15,64424509453,0
2,15,64424509454,0
2,15,64424509455,0
2,15,64424509456,0
2,15,64424509457,0
2,15,64424509458,0
2,15,64424509459,0
2,15,64424509460,0
2,15,64424509461,0
2,15,64424509462,1
2,15,64424509463,0
2,15,64424509464,0
2,15,64424509465,0
2,15,64424509466,0
3,15,64424509440,0
3,15,64424509441,6
3,15,64424509442,246
3,15,64424509443,0
3,15,64424509444,2
3,15,64424509445,136
3,15,64424509446,1
3,15,64424509447,535
3,15,64424509448,1587854
3,15,64424509449,0
3,15,64424509450,0
3,15,64424509451,0
3,15,64424509452,1
3,15,64424509453,0
3,15,64424509454,0
3,15,64424509455,163
3,15,64424509456,0
3,15,64424509457,0
3,15,64424509458,0
3,15,64424509459,0
3,15,64424509460,0
3,15,64424509461,0
3,15,64424509462,0
3,15,64424509463,0
3,15,64424509464,1
3,15,64424509465,23
3,15,64424509466,1
4,15,64424509440,1
4,15,64424509441,0
4,15,64424509442,0
4,15,64424509443,0
4,15,64424509444,0
4,15,64424509445,0
4,15,64424509446,0
4,15,64424509447,0
4,15,64424509448,113996
4,15,64424509449,0
4,15,64424509450,0
4,15,64424509451,0
4,15,64424509452,0
4,15,64424509453,0
4,15,64424509454,0
4,15,64424509455,0
4,15,64424509456,0
4,15,64424509457,0
4,15,64424509458,0
4,15,64424509459,0
4,15,64424509460,0
4,15,64424509461,0
4,15,64424509462,1
4,15,64424509463,4
4,15,64424509464,0
4,15,64424509465,0
4,15,64424509466,0
5,15,64424509440,0
5,15,64424509441,0
5,15,64424509442,0
5,15,64424509443,0
5,15,64424509444,0
5,15,64424509445,0
5,15,64424509446,0
5,15,64424509447,0
5,15,64424509448,3053
5,15,64424509449,0
5,15,64424509450,0
5,15,64424509451,0
5,15,64424509452,0
5,15,64424509453,0
5,15,64424509454,0
5,15,64424509455,0
5,15,64424509456,0
5,15,64424509457,0
5,15,64424509458,1
5,15,64424509459,0
5,15,64424509460,0
5,15,64424509461,0
5,15,64424509462,0
5,15,64424509463,0
5,15,64424509464,0
5,15,64424509465,0
5,15,64424509466,0
6,15,64424509440,0
6,15,64424509441,0
6,15,64424509442,0
6,15,64424509443,0
6,15,64424509444,0
6,15,64424509445,0
6,15,64424509446,0
6,15,64424509447,0
6,15,64424509448,53
6,15,64424509449,0
6,15,64424509450,0
6,15,64424509451,0
6,15,64424509452,0
6,15,64424509453,0
6,15,64424509454,0
6,15,64424509455,0
6,15,64424509456,0
6,15,64424509457,0
6,15,64424509458,0
6,15,64424509459,0
6,15,64424509460,0
6,15,64424509461,0
6,15,64424509462,0
6,15,64424509463,0
6,15,64424509464,0
6,15,64424509465,0
6,15,64424509466,0
7,15,64424509440,0
7,15,64424509441,0
7,15,64424509442,0
7,15,64424509443,0
7,15,64424509444,0
7,15,64424509445,0
7,15,64424509446,0
7,15,64424509447,0
7,15,64424509448,3
7,15,64424509449,0
7,15,64424509450,0
7,15,64424509451,0
7,15,64424509452,0
7,15,64424509453,0
7,15,64424509454,0
7,15,64424509455,0
7,15,64424509456,0
7,15,64424509457,0
7,15,64424509458,0
7,15,64424509459,0
7,15,64424509460,0
7,15,64424509461,0
7,15,64424509462,0
7,15,64424509463,0
7,15,64424509464,0
7,15,64424509465,0
7,15,64424509466,0
8,15,64424509440,0
8,15,64424509441,0
8,15,64424509442,0
8,15,64424509443,0
8,15,64424509444,0
8,15,64424509445,0
8,15,64424509446,0
8,15,64424509447,0
8,15,64424509448,0
8,15,64424509449,0
8,15,64424509450,0
8,15,64424509451,0
8,15,64424509452,0
8,15,64424509453,0
8,15,64424509454,1
8,15,64424509455,0
8,15,64424509456,0
8,15,64424509457,0
8,15,64424509458,0
8,15,64424509459,0
8,15,64424509460,0
8,15,64424509461,0
8,15,64424509462,0
8,15,64424509463,0
8,15,64424509464,0
8,15,64424509465,0
8,15,64424509466,0
9,15,64424509440,0
9,15,64424509441,0
9,15,64424509442,0
9,15,64424509443,0
9,15,64424509444,0
9,15,64424509445,0
9,15,64424509446,0
9,15,64424509447,0
9,15,64424509448,0
9,15,64424509449,1
9,15,64424509450,0
9,15,64424509451,0
9,15,64424509452,0
9,15,64424509453,0
9,15,64424509454,0
9,15,64424509455,0
9,15,64424509456,0
9,15,64424509457,0
9,15,64424509458,0
9,15,64424509459,0
9,15,64424509460,0
9,15,64424509461,0
9,15,64424509462,0
9,15,64424509463,0
9,15,64424509464,0
9,15,64424509465,0
9,15,64424509466,0
10,15,64424509440,0
10,15,64424509441,0
10,15,64424509442,0
10,15,64424509443,0
10,15,64424509444,0
10,15,64424509445,0
10,15,64424509446,0
10,15,64424509447,0
10,15,64424509448,0
10,15,64424509449,0
10,15,64424509450,0
10,15,64424509451,0
10,15,64424509452,0
10,15,64424509453,0
10,15,64424509454,0
10,15,64424509455,0
10,15,64424509456,0
10,15,64424509457,0
10,15,64424509458,0
10,15,64424509459,0
10,15,64424509460,0
10,15,64424509461,0
10,15,64424509462,0
10,15,64424509463,0
10,15,64424509464,0
10,15,64424509465,0
10,15,64424509466,0
11,15,64424509440,0
11,15,64424509441,0
11,15,64424509442,0
11,15,64424509443,0
11,15,64424509444,0
11,15,64424509445,0
11,15,64424509446,0
11,15,64424509447,0
11,15,64424509448,0
11,15,64424509449,0
11,15,64424509450,0
11,15,64424509451,0
11,15,64424509452,0
11,15,64424509453,0
11,15,64424509454,0
11,15,64424509455,0
11,15,64424509456,0
11,15,64424509457,0
11,15,64424509458,0
11,15,64424509459,0
11,15,64424509460,0
11,15,64424509461,0
11,15,64424509462,0
11,15,64424509463,0
11,15,64424509464,0
11,15,64424509465,0
11,15,64424509466,0
12,15,64424509440,0
12,15,64424509441,1
12,15,64424509442,117
12,15,64424509443,0
12,15,64424509444,0
12,15,64424509445,20
12,15,64424509446,3
12,15,64424509447,214
12,15,64424509448,2701
12,15,64424509449,0
12,15,64424509450,0
12,15,64424509451,0
12,15,64424509452,0
12,15,64424509453,0
12,15,64424509454,0
12,15,64424509455,24
12,15,64424509456,0
12,15,64424509457,0
12,15,64424509458,0
12,15,64424509459,1
12,15,64424509460,0
12,15,64424509461,0
12,15,64424509462,0
12,15,64424509463,3
12,15,64424509464,1
12,15,64424509465,1
12,15,64424509466,0
13,15,64424509440,1
13,15,64424509441,1
13,15,64424509442,2
13,15,64424509443,0
13,15,64424509444,1
13,15,64424509445,3
13,15,64424509446,0
13,15,64424509447,4
13,15,64424509448,122
13,15,64424509449,1
13,15,64424509450,0
13,15,64424509451,1
13,15,64424509452,0
13,15,64424509453,0
13,15,64424509454,1
13,15,64424509455,2
13,15,64424509456,0
13,15,64424509457,0
13,15,64424509458,1
13,15,64424509459,0
13,15,64424509460,0
13,15,64424509461,1
13,15,64424509462,0
13,15,64424509463,1
13,15,64424509464,0
13,15,64424509465,1
13,15,64424509466,0
14,15,64424509440,537
14,15,64424509441,434
14,15,64424509442,869
14,15,64424509443,800
14,15,64424509444,542
14,15,64424509445,3151
14,15,64424509446,1864
14,15,64424509447,419
14,15,64424509448,5468
14,15,64424509449,297
14,15,64424509450,83
14,15,64424509451,112
14,15,64424509452,95
14,15,64424509453,107
14,15,64424509454,80
14,15,64424509455,300
14,15,64424509456,119
14,15,64424509457,276
14,15,64424509458,228
14,15,64424509459,101
14,15,64424509460,100
14,15,64424509461,94
14,15,64424509462,205
14,15,64424509463,89
14,15,64424509464,236
14,15,64424509465,273
14,15,64424509466,305
15,15,64424509440,0
15,15,64424509441,0
15,15,64424509442,0
15,15,64424509443,0
15,15,64424509444,0
15,15,64424509445,0
15,15,64424509446,0
15,15,64424509447,0
15,15,64424509448,0
15,15,64424509449,0
15,15,64424509450,0
15,15,64424509451,0
15,15,64424509452,0
15,15,64424509453,0
15,15,64424509454,0
15,15,64424509455,0
15,15,64424509456,0
15,15,64424509457,0
15,15,64424509458,0
15,15,64424509459,0
15,15,64424509460,0
15,15,64424509461,0
15,15,64424509462,0
15,15,64424509463,0
15,15,64424509464,0
15,15,64424509465,0
15,15,64424509466,0
