0,26,111669149696,2
0,26,111669149697,5
0,26,111669149698,1
0,26,111669149699,17
0,26,111669149700,0
0,26,111669149701,1
0,26,111669149702,1
0,26,111669149703,2
0,26,111669149704,0
0,26,111669149705,1
0,26,111669149706,1
0,26,111669149707,0
0,26,111669149708,1
0,26,111669149709,0
0,26,111669149710,4
0,26,111669149711,1
0,26,111669149712,34
0,26,111669149713,1
0,26,111669149714,1
0,26,111669149715,0
0,26,111669149716,1
0,26,111669149717,0
0,26,111669149718,1
0,26,111669149719,1
0,26,111669149720,1
0,26,111669149721,0
0,26,111669149722,189
0,26,111669149723,1
0,26,111669149724,0
0,26,111669149725,1
0,26,111669149726,0
0,26,111669149727,1
0,26,111669149728,0
0,26,111669149729,1
0,26,111669149730,0
0,26,111669149731,1
0,26,111669149732,0
0,26,111669149733,1
0,26,111669149734,0
0,26,111669149735,1
0,26,111669149736,0
0,26,111669149737,3
0,26,111669149738,0
0,26,111669149739,1
0,26,111669149740,1
0,26,111669149741,0
1,26,111669149696,3038
1,26,111669149697,4145
1,26,111669149698,3071
1,26,111669149699,2720
1,26,111669149700,3366
1,26,111669149701,3358
1,26,111669149702,2863
1,26,111669149703,2403
1,26,111669149704,4165
1,26,111669149705,2017
1,26,111669149706,4891
1,26,111669149707,4637
1,26,111669149708,2118
1,26,111669149709,2293
1,26,111669149710,2628
1,26,111669149711,1884
1,26,111669149712,1800
1,26,111669149713,2269
1,26,111669149714,2279
1,26,111669149715,4293
1,26,111669149716,2395
1,26,111669149717,2802
1,26,111669149718,127
1,26,111669149719,2424
1,26,111669149720,2067
1,26,111669149721,2258
1,26,111669149722,1514
1,26,111669149723,2080
1,26,111669149724,1573
1,26,111669149725,437
1,26,111669149726,16
1,26,111669149727,9
1,26,111669149728,9
1,26,111669149729,8
1,26,111669149730,9
1,26,111669149731,8
1,26,111669149732,8
1,26,111669149733,9
1,26,111669149734,8
1,26,111669149735,9
1,26,111669149736,9
1,26,111669149737,9
1,26,111669149738,10
1,26,111669149739,9
1,26,111669149740,9
1,26,111669149741,8
2,26,111669149696,0
2,26,111669149697,0
2,26,111669149698,1
2,26,111669149699,0
2,26,111669149700,0
2,26,111669149701,0
2,26,111669149702,0
2,26,111669149703,0
2,26,111669149704,0
2,26,111669149705,0
2,26,111669149706,0
2,26,111669149707,0
2,26,111669149708,0
2,26,111669149709,0
2,26,111669149710,0
2,26,111669149711,0
2,26,111669149712,0
2,26,111669149713,0
2,26,111669149714,0
2,26,111669149715,0
2,26,111669149716,0
2,26,111669149717,0
2,26,111669149718,0
2,26,111669149719,0
2,26,111669149720,0
2,26,111669149721,0
2,26,111669149722,0
2,26,111669149723,0
2,26,111669149724,0
2,26,111669149725,0
2,26,111669149726,0
2,26,111669149727,0
2,26,111669149728,0
2,26,111669149729,0
2,26,111669149730,0
2,26,111669149731,0
2,26,111669149732,0
2,26,111669149733,0
2,26,111669149734,0
2,26,111669149735,0
2,26,111669149736,0
2,26,111669149737,0
2,26,111669149738,0
2,26,111669149739,0
2,26,111669149740,0
2,26,111669149741,0
3,26,111669149696,0
3,26,111669149697,0
3,26,111669149698,0
3,26,111669149699,0
3,26,111669149700,0
3,26,111669149701,0
3,26,111669149702,0
3,26,111669149703,0
3,26,111669149704,0
3,26,111669149705,0
3,26,111669149706,0
3,26,111669149707,0
3,26,111669149708,0
3,26,111669149709,1
3,26,111669149710,29
3,26,111669149711,0
3,26,111669149712,0
3,26,111669149713,0
3,26,111669149714,0
3,26,111669149715,0
3,26,111669149716,0
3,26,111669149717,0
3,26,111669149718,0
3,26,111669149719,0
3,26,111669149720,0
3,26,111669149721,1
3,26,111669149722,1452603
3,26,111669149723,0
3,26,111669149724,0
3,26,111669149725,0
3,26,111669149726,0
3,26,111669149727,0
3,26,111669149728,0
3,26,111669149729,1
3,26,111669149730,0
3,26,111669149731,2
3,26,111669149732,0
3,26,111669149733,0
3,26,111669149734,0
3,26,111669149735,0
3,26,111669149736,0
3,26,111669149737,0
3,26,111669149738,0
3,26,111669149739,0
3,26,111669149740,0
3,26,111669149741,0
4,26,111669149696,0
4,26,111669149697,2
4,26,111669149698,1
4,26,111669149699,20
4,26,111669149700,0
4,26,111669149701,0
4,26,111669149702,1
4,26,111669149703,1
4,26,111669149704,0
4,26,111669149705,0
4,26,111669149706,0
4,26,111669149707,0
4,26,111669149708,0
4,26,111669149709,0
4,26,111669149710,2
4,26,111669149711,1
4,26,111669149712,153
4,26,111669149713,0
4,26,111669149714,0
4,26,111669149715,0
4,26,111669149716,0
4,26,111669149717,0
4,26,111669149718,0
4,26,111669149719,0
4,26,111669149720,0
4,26,111669149721,0
4,26,111669149722,58411
4,26,111669149723,28
4,26,111669149724,0
4,26,111669149725,0
4,26,111669149726,0
4,26,111669149727,0
4,26,111669149728,0
4,26,111669149729,0
4,26,111669149730,0
4,26,111669149731,0
4,26,111669149732,0
4,26,111669149733,0
4,26,111669149734,0
4,26,111669149735,0
4,26,111669149736,1
4,26,111669149737,206
4,26,111669149738,0
4,26,111669149739,0
4,26,111669149740,0
4,26,111669149741,2
5,26,111669149696,1
5,26,111669149697,3
5,26,111669149698,0
5,26,111669149699,6
5,26,111669149700,0
5,26,111669149701,0
5,26,111669149702,0
5,26,111669149703,1
5,26,111669149704,0
5,26,111669149705,0
5,26,111669149706,0
5,26,111669149707,0
5,26,111669149708,0
5,26,111669149709,0
5,26,111669149710,0
5,26,111669149711,1
5,26,111669149712,0
5,26,111669149713,0
5,26,111669149714,0
5,26,111669149715,0
5,26,111669149716,0
5,26,111669149717,0
5,26,111669149718,0
5,26,111669149719,0
5,26,111669149720,0
5,26,111669149721,0
5,26,111669149722,900
5,26,111669149723,27
5,26,111669149724,0
5,26,111669149725,0
5,26,111669149726,0
5,26,111669149727,0
5,26,111669149728,0
5,26,111669149729,0
5,26,111669149730,0
5,26,111669149731,0
5,26,111669149732,0
5,26,111669149733,0
5,26,111669149734,0
5,26,111669149735,1
5,26,111669149736,0
5,26,111669149737,0
5,26,111669149738,0
5,26,111669149739,0
5,26,111669149740,0
5,26,111669149741,0
6,26,111669149696,0
6,26,111669149697,0
6,26,111669149698,0
6,26,111669149699,0
6,26,111669149700,0
6,26,111669149701,1
6,26,111669149702,0
6,26,111669149703,0
6,26,111669149704,0
6,26,111669149705,0
6,26,111669149706,0
6,26,111669149707,0
6,26,111669149708,0
6,26,111669149709,0
6,26,111669149710,0
6,26,111669149711,0
6,26,111669149712,0
6,26,111669149713,0
6,26,111669149714,0
6,26,111669149715,0
6,26,111669149716,0
6,26,111669149717,0
6,26,111669149718,0
6,26,111669149719,0
6,26,111669149720,0
6,26,111669149721,0
6,26,111669149722,12
6,26,111669149723,1
6,26,111669149724,0
6,26,111669149725,0
6,26,111669149726,0
6,26,111669149727,0
6,26,111669149728,0
6,26,111669149729,0
6,26,111669149730,0
6,26,111669149731,0
6,26,111669149732,0
6,26,111669149733,0
6,26,111669149734,0
6,26,111669149735,1
6,26,111669149736,0
6,26,111669149737,0
6,26,111669149738,0
6,26,111669149739,0
6,26,111669149740,0
6,26,111669149741,0
7,26,111669149696,0
7,26,111669149697,0
7,26,111669149698,0
7,26,111669149699,0
7,26,111669149700,0
7,26,111669149701,0
7,26,111669149702,0
7,26,111669149703,0
7,26,111669149704,0
7,26,111669149705,0
7,26,111669149706,0
7,26,111669149707,0
7,26,111669149708,0
7,26,111669149709,0
7,26,111669149710,0
7,26,111669149711,0
7,26,111669149712,0
7,26,111669149713,0
7,26,111669149714,0
7,26,111669149715,0
7,26,111669149716,0
7,26,111669149717,0
7,26,111669149718,0
7,26,111669149719,0
7,26,111669149720,0
7,26,111669149721,0
7,26,111669149722,1
7,26,111669149723,0
7,26,111669149724,0
7,26,111669149725,0
7,26,111669149726,0
7,26,111669149727,0
7,26,111669149728,0
7,26,111669149729,0
7,26,111669149730,0
7,26,111669149731,0
7,26,111669149732,0
7,26,111669149733,0
7,26,111669149734,0
7,26,111669149735,0
7,26,111669149736,0
7,26,111669149737,0
7,26,111669149738,0
7,26,111669149739,0
7,26,111669149740,0
7,26,111669149741,0
8,26,111669149696,0
8,26,111669149697,0
8,26,111669149698,0
8,26,111669149699,0
8,26,111669149700,0
8,26,111669149701,0
8,26,111669149702,0
8,26,111669149703,0
8,26,111669149704,1
8,26,111669149705,0
8,26,111669149706,0
8,26,111669149707,0
8,26,111669149708,0
8,26,111669149709,0
8,26,111669149710,0
8,26,111669149711,0
8,26,111669149712,0
8,26,111669149713,0
8,26,111669149714,0
8,26,111669149715,0
8,26,111669149716,1
8,26,111669149717,0
8,26,111669149718,0
8,26,111669149719,0
8,26,111669149720,0
8,26,111669149721,0
8,26,111669149722,0
8,26,111669149723,0
8,26,111669149724,0
8,26,111669149725,0
8,26,111669149726,0
8,26,111669149727,0
8,26,111669149728,0
8,26,111669149729,0
8,26,111669149730,0
8,26,111669149731,0
8,26,111669149732,0
8,26,111669149733,0
8,26,111669149734,0
8,26,111669149735,0
8,26,111669149736,0
8,26,111669149737,0
8,26,111669149738,0
8,26,111669149739,0
8,26,111669149740,0
8,26,111669149741,0
9,26,111669149696,0
9,26,111669149697,0
9,26,111669149698,0
9,26,111669149699,0
9,26,111669149700,0
9,26,111669149701,0
9,26,111669149702,0
9,26,111669149703,0
9,26,111669149704,0
9,26,111669149705,0
9,26,111669149706,1
9,26,111669149707,0
9,26,111669149708,0
9,26,111669149709,0
9,26,111669149710,0
9,26,111669149711,0
9,26,111669149712,0
9,26,111669149713,0
9,26,111669149714,0
9,26,111669149715,0
9,26,111669149716,0
9,26,111669149717,0
9,26,111669149718,0
9,26,111669149719,0
9,26,111669149720,0
9,26,111669149721,0
9,26,111669149722,0
9,26,111669149723,0
9,26,111669149724,0
9,26,111669149725,0
9,26,111669149726,0
9,26,111669149727,0
9,26,111669149728,0
9,26,111669149729,0
9,26,111669149730,0
9,26,111669149731,0
9,26,111669149732,0
9,26,111669149733,0
9,26,111669149734,0
9,26,111669149735,0
9,26,111669149736,0
9,26,111669149737,0
9,26,111669149738,0
9,26,111669149739,0
9,26,111669149740,0
9,26,111669149741,0
10,26,111669149696,0
10,26,111669149697,0
10,26,111669149698,0
10,26,111669149699,0
10,26,111669149700,0
10,26,111669149701,0
10,26,111669149702,0
10,26,111669149703,0
10,26,111669149704,0
10,26,111669149705,0
10,26,111669149706,0
10,26,111669149707,0
10,26,111669149708,0
10,26,111669149709,0
10,26,111669149710,0
10,26,111669149711,0
10,26,111669149712,0
10,26,111669149713,0
10,26,111669149714,0
10,26,111669149715,0
10,26,111669149716,0
10,26,111669149717,0
10,26,111669149718,0
10,26,111669149719,0
10,26,111669149720,0
10,26,111669149721,0
10,26,111669149722,0
10,26,111669149723,0
10,26,111669149724,0
10,26,111669149725,0
10,26,111669149726,0
10,26,111669149727,0
10,26,111669149728,0
10,26,111669149729,0
10,26,111669149730,0
10,26,111669149731,0
10,26,111669149732,0
10,26,111669149733,0
10,26,111669149734,0
10,26,111669149735,0
10,26,111669149736,0
10,26,111669149737,0
10,26,111669149738,0
10,26,111669149739,0
10,26,111669149740,0
10,26,111669149741,0
11,26,111669149696,0
11,26,111669149697,0
11,26,111669149698,0
11,26,111669149699,0
11,26,111669149700,0
11,26,111669149701,0
11,26,111669149702,0
11,26,111669149703,0
11,26,111669149704,0
11,26,111669149705,0
11,26,111669149706,0
11,26,111669149707,0
11,26,111669149708,0
11,26,111669149709,0
11,26,111669149710,0
11,26,111669149711,0
11,26,111669149712,0
11,26,111669149713,0
11,26,111669149714,0
11,26,111669149715,0
11,26,111669149716,0
11,26,111669149717,0
11,26,111669149718,0
11,26,111669149719,0
11,26,111669149720,0
11,26,111669149721,0
11,26,111669149722,0
11,26,111669149723,0
11,26,111669149724,0
11,26,111669149725,0
11,26,111669149726,0
11,26,111669149727,0
11,26,111669149728,0
11,26,111669149729,0
11,26,111669149730,0
11,26,111669149731,0
11,26,111669149732,0
11,26,111669149733,0
11,26,111669149734,0
11,26,111669149735,0
11,26,111669149736,0
11,26,111669149737,0
11,26,111669149738,0
11,26,111669149739,0
11,26,111669149740,0
11,26,111669149741,0
12,26,111669149696,1
12,26,111669149697,6
12,26,111669149698,0
12,26,111669149699,23
12,26,111669149700,0
12,26,111669149701,0
12,26,111669149702,4
12,26,111669149703,4
12,26,111669149704,0
12,26,111669149705,0
12,26,111669149706,2
12,26,111669149707,0
12,26,111669149708,0
12,26,111669149709,0
12,26,111669149710,5
12,26,111669149711,0
12,26,111669149712,33
12,26,111669149713,1
12,26,111669149714,0
12,26,111669149715,0
12,26,111669149716,0
12,26,111669149717,0
12,26,111669149718,1
12,26,111669149719,0
12,26,111669149720,0
12,26,111669149721,1
12,26,111669149722,2325
12,26,111669149723,4
12,26,111669149724,0
12,26,111669149725,0
12,26,111669149726,0
12,26,111669149727,0
12,26,111669149728,0
12,26,111669149729,1
12,26,111669149730,0
12,26,111669149731,0
12,26,111669149732,0
12,26,111669149733,0
12,26,111669149734,0
12,26,111669149735,0
12,26,111669149736,1
12,26,111669149737,63
12,26,111669149738,0
12,26,111669149739,0
12,26,111669149740,0
12,26,111669149741,1
13,26,111669149696,1
13,26,111669149697,1
13,26,111669149698,1
13,26,111669149699,2
13,26,111669149700,0
13,26,111669149701,0
13,26,111669149702,1
13,26,111669149703,0
13,26,111669149704,1
13,26,111669149705,0
13,26,111669149706,1
13,26,111669149707,0
13,26,111669149708,0
13,26,111669149709,1
13,26,111669149710,0
13,26,111669149711,1
13,26,111669149712,1
13,26,111669149713,0
13,26,111669149714,1
13,26,111669149715,0
13,26,111669149716,0
13,26,111669149717,1
13,26,111669149718,0
13,26,111669149719,0
13,26,111669149720,1
13,26,111669149721,0
13,26,111669149722,148
13,26,111669149723,1
13,26,111669149724,1
13,26,111669149725,0
13,26,111669149726,1
13,26,111669149727,0
13,26,111669149728,0
13,26,111669149729,1
13,26,111669149730,0
13,26,111669149731,1
13,26,111669149732,0
13,26,111669149733,0
13,26,111669149734,1
13,26,111669149735,0
13,26,111669149736,0
13,26,111669149737,2
13,26,111669149738,0
13,26,111669149739,0
13,26,111669149740,1
13,26,111669149741,1
14,26,111669149696,827
14,26,111669149697,564
14,26,111669149698,336
14,26,111669149699,792
14,26,111669149700,544
14,26,111669149701,359
14,26,111669149702,257
14,26,111669149703,242
14,26,111669149704,242
14,26,111669149705,328
14,26,111669149706,414
14,26,111669149707,271
14,26,111669149708,247
14,26,111669149709,256
14,26,111669149710,243
14,26,111669149711,107
14,26,111669149712,390
14,26,111669149713,103
14,26,111669149714,108
14,26,111669149715,160
14,26,111669149716,100
14,26,111669149717,313
14,26,111669149718,320
14,26,111669149719,130
14,26,111669149720,185
14,26,111669149721,102
14,26,111669149722,8792
14,26,111669149723,267
14,26,111669149724,375
14,26,111669149725,108
14,26,111669149726,379
14,26,111669149727,244
14,26,111669149728,92
14,26,111669149729,83
14,26,111669149730,217
14,26,111669149731,92
14,26,111669149732,533
14,26,111669149733,117
14,26,111669149734,75
14,26,111669149735,101
14,26,111669149736,79
14,26,111669149737,189
14,26,111669149738,93
14,26,111669149739,98
14,26,111669149740,216
14,26,111669149741,84
15,26,111669149696,0
15,26,111669149697,0
15,26,111669149698,0
15,26,111669149699,0
15,26,111669149700,0
15,26,111669149701,0
15,26,111669149702,0
15,26,111669149703,0
15,26,111669149704,0
15,26,111669149705,0
15,26,111669149706,0
15,26,111669149707,0
15,26,111669149708,0
15,26,111669149709,0
15,26,111669149710,0
15,26,111669149711,0
15,26,111669149712,0
15,26,111669149713,0
15,26,111669149714,0
15,26,111669149715,0
15,26,111669149716,0
15,26,111669149717,0
15,26,111669149718,0
15,26,111669149719,0
15,26,111669149720,0
15,26,111669149721,0
15,26,111669149722,0
15,26,111669149723,0
15,26,111669149724,0
15,26,111669149725,0
15,26,111669149726,0
15,26,111669149727,0
15,26,111669149728,0
15,26,111669149729,0
15,26,111669149730,0
15,26,111669149731,0
15,26,111669149732,0
15,26,111669149733,0
15,26,111669149734,0
15,26,111669149735,0
15,26,111669149736,0
15,26,111669149737,0
15,26,111669149738,0
15,26,111669149739,0
15,26,111669149740,0
15,26,111669149741,0
