0,27,115964116992,2
0,27,115964116993,3
0,27,115964116994,1
0,27,115964116995,3
0,27,115964116996,2
0,27,115964116997,1
0,27,115964116998,1
0,27,115964116999,0
0,27,115964117000,1
0,27,115964117001,0
0,27,115964117002,34
0,27,115964117003,0
0,27,115964117004,1
0,27,115964117005,0
0,27,115964117006,1
0,27,115964117007,2
0,27,115964117008,0
0,27,115964117009,1
0,27,115964117010,2
0,27,115964117011,1
0,27,115964117012,0
0,27,115964117013,1
0,27,115964117014,1
0,27,115964117015,0
0,27,115964117016,1
0,27,115964117017,0
0,27,115964117018,1
0,27,115964117019,330
0,27,115964117020,0
1,27,115964116992,2866
1,27,115964116993,4085
1,27,115964116994,2997
1,27,115964116995,2988
1,27,115964116996,3232
1,27,115964116997,3332
1,27,115964116998,2997
1,27,115964116999,2403
1,27,115964117000,3989
1,27,115964117001,2210
1,27,115964117002,4907
1,27,115964117003,4437
1,27,115964117004,2553
1,27,115964117005,2670
1,27,115964117006,2469
1,27,115964117007,1900
1,27,115964117008,1968
1,27,115964117009,2178
1,27,115964117010,2161
1,27,115964117011,4494
1,27,115964117012,2277
1,27,115964117013,2652
1,27,115964117014,2158
1,27,115964117015,270
1,27,115964117016,2290
1,27,115964117017,2192
1,27,115964117018,1498
1,27,115964117019,2138
1,27,115964117020,1523
2,27,115964116992,0
2,27,115964116993,1
2,27,115964116994,0
2,27,115964116995,0
2,27,115964116996,0
2,27,115964116997,0
2,27,115964116998,0
2,27,115964116999,0
2,27,115964117000,0
2,27,115964117001,1
2,27,115964117002,0
2,27,115964117003,0
2,27,115964117004,0
2,27,115964117005,0
2,27,115964117006,0
2,27,115964117007,0
2,27,115964117008,0
2,27,115964117009,0
2,27,115964117010,0
2,27,115964117011,0
2,27,115964117012,0
2,27,115964117013,0
2,27,115964117014,0
2,27,115964117015,0
2,27,115964117016,0
2,27,115964117017,0
2,27,115964117018,1
2,27,115964117019,0
2,27,115964117020,0
3,27,115964116992,0
3,27,115964116993,0
3,27,115964116994,0
3,27,115964116995,0
3,27,115964116996,1
3,27,115964116997,0
3,27,115964116998,0
3,27,115964116999,0
3,27,115964117000,0
3,27,115964117001,0
3,27,115964117002,0
3,27,115964117003,20
3,27,115964117004,0
3,27,115964117005,0
3,27,115964117006,0
3,27,115964117007,45
3,27,115964117008,1
3,27,115964117009,0
3,27,115964117010,0
3,27,115964117011,0
3,27,115964117012,0
3,27,115964117013,0
3,27,115964117014,0
3,27,115964117015,0
3,27,115964117016,0
3,27,115964117017,2
3,27,115964117018,0
3,27,115964117019,1626232
3,27,115964117020,1
4,27,115964116992,0
4,27,115964116993,1
4,27,115964116994,0
4,27,115964116995,0
4,27,115964116996,0
4,27,115964116997,0
4,27,115964116998,0
4,27,115964116999,0
4,27,115964117000,0
4,27,115964117001,0
4,27,115964117002,192
4,27,115964117003,0
4,27,115964117004,0
4,27,115964117005,0
4,27,115964117006,0
4,27,115964117007,6
4,27,115964117008,0
4,27,115964117009,0
4,27,115964117010,6
4,27,115964117011,0
4,27,115964117012,0
4,27,115964117013,0
4,27,115964117014,0
4,27,115964117015,0
4,27,115964117016,0
4,27,115964117017,0
4,27,115964117018,0
4,27,115964117019,217229
4,27,115964117020,1
5,27,115964116992,0
5,27,115964116993,0
5,27,115964116994,0
5,27,115964116995,0
5,27,115964116996,0
5,27,115964116997,0
5,27,115964116998,0
5,27,115964116999,0
5,27,115964117000,0
5,27,115964117001,1
5,27,115964117002,0
5,27,115964117003,0
5,27,115964117004,0
5,27,115964117005,0
5,27,115964117006,0
5,27,115964117007,0
5,27,115964117008,0
5,27,115964117009,0
5,27,115964117010,12
5,27,115964117011,0
5,27,115964117012,0
5,27,115964117013,0
5,27,115964117014,0
5,27,115964117015,0
5,27,115964117016,0
5,27,115964117017,0
5,27,115964117018,0
5,27,115964117019,4650
5,27,115964117020,0
6,27,115964116992,0
6,27,115964116993,0
6,27,115964116994,1
6,27,115964116995,0
6,27,115964116996,0
6,27,115964116997,0
6,27,115964116998,0
6,27,115964116999,0
6,27,115964117000,0
6,27,115964117001,1
6,27,115964117002,1
6,27,115964117003,1
6,27,115964117004,0
6,27,115964117005,0
6,27,115964117006,0
6,27,115964117007,0
6,27,115964117008,0
6,27,115964117009,0
6,27,115964117010,0
6,27,115964117011,0
6,27,115964117012,0
6,27,115964117013,0
6,27,115964117014,0
6,27,115964117015,1
6,27,115964117016,0
6,27,115964117017,0
6,27,115964117018,0
6,27,115964117019,31
6,27,115964117020,0
7,27,115964116992,0
7,27,115964116993,0
7,27,115964116994,0
7,27,115964116995,0
7,27,115964116996,0
7,27,115964116997,0
7,27,115964116998,0
7,27,115964116999,0
7,27,115964117000,0
7,27,115964117001,0
7,27,115964117002,0
7,27,115964117003,0
7,27,115964117004,0
7,27,115964117005,0
7,27,115964117006,0
7,27,115964117007,0
7,27,115964117008,0
7,27,115964117009,0
7,27,115964117010,0
7,27,115964117011,0
7,27,115964117012,0
7,27,115964117013,0
7,27,115964117014,0
7,27,115964117015,0
7,27,115964117016,0
7,27,115964117017,0
7,27,115964117018,0
7,27,115964117019,3
7,27,115964117020,0
8,27,115964116992,0
8,27,115964116993,0
8,27,115964116994,0
8,27,115964116995,0
8,27,115964116996,0
8,27,115964116997,0
8,27,115964116998,0
8,27,115964116999,0
8,27,115964117000,0
8,27,115964117001,0
8,27,115964117002,0
8,27,115964117003,0
8,27,115964117004,0
8,27,115964117005,0
8,27,115964117006,0
8,27,115964117007,0
8,27,115964117008,0
8,27,115964117009,0
8,27,115964117010,0
8,27,115964117011,0
8,27,115964117012,0
8,27,115964117013,0
8,27,115964117014,0
8,27,115964117015,0
8,27,115964117016,0
8,27,115964117017,0
8,27,115964117018,0
8,27,115964117019,0
8,27,115964117020,0
9,27,115964116992,0
9,27,115964116993,0
9,27,115964116994,1
9,27,115964116995,0
9,27,115964116996,0
9,27,115964116997,0
9,27,115964116998,0
9,27,115964116999,0
9,27,115964117000,0
9,27,115964117001,0
9,27,115964117002,0
9,27,115964117003,0
9,27,115964117004,0
9,27,115964117005,0
9,27,115964117006,0
9,27,115964117007,0
9,27,115964117008,0
9,27,115964117009,0
9,27,115964117010,0
9,27,115964117011,0
9,27,115964117012,0
9,27,115964117013,0
9,27,115964117014,0
9,27,115964117015,0
9,27,115964117016,0
9,27,115964117017,0
9,27,115964117018,0
9,27,115964117019,0
9,27,115964117020,0
10,27,115964116992,0
10,27,115964116993,0
10,27,115964116994,0
10,27,115964116995,0
10,27,115964116996,0
10,27,115964116997,0
10,27,115964116998,0
10,27,115964116999,0
10,27,115964117000,0
10,27,115964117001,0
10,27,115964117002,0
10,27,115964117003,0
10,27,115964117004,0
10,27,115964117005,0
10,27,115964117006,0
10,27,115964117007,0
10,27,115964117008,0
10,27,115964117009,0
10,27,115964117010,0
10,27,115964117011,0
10,27,115964117012,0
10,27,115964117013,0
10,27,115964117014,0
10,27,115964117015,0
10,27,115964117016,0
10,27,115964117017,0
10,27,115964117018,0
10,27,115964117019,0
10,27,115964117020,0
11,27,115964116992,0
11,27,115964116993,0
11,27,115964116994,0
11,27,115964116995,0
11,27,115964116996,0
11,27,115964116997,0
11,27,115964116998,0
11,27,115964116999,0
11,27,115964117000,0
11,27,115964117001,0
11,27,115964117002,0
11,27,115964117003,0
11,27,115964117004,0
11,27,115964117005,0
11,27,115964117006,0
11,27,115964117007,0
11,27,115964117008,0
11,27,115964117009,0
11,27,115964117010,0
11,27,115964117011,0
11,27,115964117012,0
11,27,115964117013,0
11,27,115964117014,0
11,27,115964117015,0
11,27,115964117016,0
11,27,115964117017,0
11,27,115964117018,0
11,27,115964117019,0
11,27,115964117020,0
12,27,115964116992,0
12,27,115964116993,3
12,27,115964116994,1
12,27,115964116995,1
12,27,115964116996,0
12,27,115964116997,0
12,27,115964116998,2
12,27,115964116999,0
12,27,115964117000,0
12,27,115964117001,1
12,27,115964117002,104
12,27,115964117003,1
12,27,115964117004,0
12,27,115964117005,0
12,27,115964117006,0
12,27,115964117007,6
12,27,115964117008,1
12,27,115964117009,0
12,27,115964117010,3
12,27,115964117011,0
12,27,115964117012,1
12,27,115964117013,0
12,27,115964117014,0
12,27,115964117015,0
12,27,115964117016,1
12,27,115964117017,0
12,27,115964117018,1
12,27,115964117019,3077
12,27,115964117020,0
13,27,115964116992,1
13,27,115964116993,0
13,27,115964116994,1
13,27,115964116995,1
13,27,115964116996,0
13,27,115964116997,1
13,27,115964116998,1
13,27,115964116999,0
13,27,115964117000,0
13,27,115964117001,1
13,27,115964117002,1
13,27,115964117003,0
13,27,115964117004,0
13,27,115964117005,0
13,27,115964117006,1
13,27,115964117007,0
13,27,115964117008,0
13,27,115964117009,1
13,27,115964117010,0
13,27,115964117011,0
13,27,115964117012,0
13,27,115964117013,1
13,27,115964117014,0
13,27,115964117015,0
13,27,115964117016,1
13,27,115964117017,0
13,27,115964117018,0
13,27,115964117019,255
13,27,115964117020,0
14,27,115964116992,691
14,27,115964116993,423
14,27,115964116994,523
14,27,115964116995,804
14,27,115964116996,391
14,27,115964116997,300
14,27,115964116998,216
14,27,115964116999,237
14,27,115964117000,187
14,27,115964117001,387
14,27,115964117002,534
14,27,115964117003,138
14,27,115964117004,308
14,27,115964117005,310
14,27,115964117006,139
14,27,115964117007,361
14,27,115964117008,135
14,27,115964117009,138
14,27,115964117010,119
14,27,115964117011,95
14,27,115964117012,316
14,27,115964117013,248
14,27,115964117014,181
14,27,115964117015,173
14,27,115964117016,192
14,27,115964117017,112
14,27,115964117018,3466
14,27,115964117019,5489
14,27,115964117020,371
15,27,115964116992,0
15,27,115964116993,0
15,27,115964116994,0
15,27,115964116995,0
15,27,115964116996,0
15,27,115964116997,0
15,27,115964116998,0
15,27,115964116999,0
15,27,115964117000,0
15,27,115964117001,0
15,27,115964117002,0
15,27,115964117003,0
15,27,115964117004,0
15,27,115964117005,0
15,27,115964117006,0
15,27,115964117007,0
15,27,115964117008,0
15,27,115964117009,0
15,27,115964117010,0
15,27,115964117011,0
15,27,115964117012,0
15,27,115964117013,0
15,27,115964117014,0
15,27,115964117015,0
15,27,115964117016,0
15,27,115964117017,0
15,27,115964117018,0
15,27,115964117019,0
15,27,115964117020,0
