0,10,42949672960,2
0,10,42949672961,0
0,10,42949672962,0
0,10,42949672963,1
0,10,42949672964,0
0,10,42949672965,1
0,10,42949672966,0
0,10,42949672967,1
0,10,42949672968,0
0,10,42949672969,4
0,10,42949672970,0
0,10,42949672971,1
0,10,42949672972,0
0,10,42949672973,31
0,10,42949672974,1
0,10,42949672975,1
0,10,42949672976,0
0,10,42949672977,0
0,10,42949672978,1
0,10,42949672979,0
0,10,42949672980,1
0,10,42949672981,0
0,10,42949672982,1
0,10,42949672983,0
0,10,42949672984,0
0,10,42949672985,1
0,10,42949672986,0
0,10,42949672987,1
0,10,42949672988,0
0,10,42949672989,0
0,10,42949672990,1
0,10,42949672991,0
0,10,42949672992,0
0,10,42949672993,280
0,10,42949672994,3
0,10,42949672995,0
0,10,42949672996,0
0,10,42949672997,1
0,10,42949672998,0
0,10,42949672999,1
0,10,42949673000,0
0,10,42949673001,1
0,10,42949673002,0
0,10,42949673003,1
0,10,42949673004,0
0,10,42949673005,1
0,10,42949673006,0
0,10,42949673007,0
0,10,42949673008,0
0,10,42949673009,1
0,10,42949673010,0
0,10,42949673011,0
0,10,42949673012,1
0,10,42949673013,0
0,10,42949673014,1
0,10,42949673015,0
0,10,42949673016,1
0,10,42949673017,0
0,10,42949673018,1
0,10,42949673019,0
0,10,42949673020,1
0,10,42949673021,0
0,10,42949673022,0
0,10,42949673023,0
0,10,42949673024,0
0,10,42949673025,1
0,10,42949673026,0
0,10,42949673027,0
0,10,42949673028,1
0,10,42949673029,0
0,10,42949673030,1
0,10,42949673031,0
0,10,42949673032,0
0,10,42949673033,1
0,10,42949673034,0
0,10,42949673035,1
0,10,42949673036,1
0,10,42949673037,0
0,10,42949673038,1
0,10,42949673039,0
0,10,42949673040,0
0,10,42949673041,1
0,10,42949673042,0
0,10,42949673043,0
0,10,42949673044,0
0,10,42949673045,0
0,10,42949673046,1
0,10,42949673047,0
0,10,42949673048,0
0,10,42949673049,1
0,10,42949673050,0
0,10,42949673051,2
0,10,42949673052,0
0,10,42949673053,1
0,10,42949673054,0
0,10,42949673055,1
0,10,42949673056,0
0,10,42949673057,0
0,10,42949673058,0
0,10,42949673059,1
0,10,42949673060,0
0,10,42949673061,0
0,10,42949673062,1
0,10,42949673063,0
0,10,42949673064,1
0,10,42949673065,0
0,10,42949673066,0
0,10,42949673067,0
0,10,42949673068,1
0,10,42949673069,0
0,10,42949673070,0
0,10,42949673071,1
0,10,42949673072,0
0,10,42949673073,1
0,10,42949673074,0
0,10,42949673075,0
0,10,42949673076,1
1,10,42949672960,3174
1,10,42949672961,3642
1,10,42949672962,3390
1,10,42949672963,2729
1,10,42949672964,3341
1,10,42949672965,3039
1,10,42949672966,3081
1,10,42949672967,2361
1,10,42949672968,3888
1,10,42949672969,2687
1,10,42949672970,4079
1,10,42949672971,4621
1,10,42949672972,2636
1,10,42949672973,2737
1,10,42949672974,2619
1,10,42949672975,235
1,10,42949672976,2336
1,10,42949672977,2202
1,10,42949672978,2126
1,10,42949672979,2346
1,10,42949672980,5022
1,10,42949672981,2459
1,10,42949672982,1047
1,10,42949672983,2350
1,10,42949672984,2225
1,10,42949672985,2259
1,10,42949672986,1824
1,10,42949672987,1762
1,10,42949672988,1431
1,10,42949672989,1188
1,10,42949672990,1004
1,10,42949672991,1071
1,10,42949672992,527
1,10,42949672993,310
1,10,42949672994,318
1,10,42949672995,243
1,10,42949672996,267
1,10,42949672997,268
1,10,42949672998,435
1,10,42949672999,268
1,10,42949673000,302
1,10,42949673001,243
1,10,42949673002,426
1,10,42949673003,267
1,10,42949673004,268
1,10,42949673005,267
1,10,42949673006,334
1,10,42949673007,571
1,10,42949673008,357
1,10,42949673009,276
1,10,42949673010,268
1,10,42949673011,267
1,10,42949673012,267
1,10,42949673013,268
1,10,42949673014,267
1,10,42949673015,268
1,10,42949673016,260
1,10,42949673017,268
1,10,42949673018,1501
1,10,42949673019,9
1,10,42949673020,9
1,10,42949673021,9
1,10,42949673022,9
1,10,42949673023,9
1,10,42949673024,9
1,10,42949673025,8
1,10,42949673026,9
1,10,42949673027,9
1,10,42949673028,10
1,10,42949673029,9
1,10,42949673030,9
1,10,42949673031,9
1,10,42949673032,8
1,10,42949673033,10
1,10,42949673034,9
1,10,42949673035,9
1,10,42949673036,9
1,10,42949673037,9
1,10,42949673038,9
1,10,42949673039,9
1,10,42949673040,9
1,10,42949673041,9
1,10,42949673042,9
1,10,42949673043,8
1,10,42949673044,9
1,10,42949673045,9
1,10,42949673046,9
1,10,42949673047,10
1,10,42949673048,10
1,10,42949673049,9
1,10,42949673050,10
1,10,42949673051,9
1,10,42949673052,9
1,10,42949673053,9
1,10,42949673054,8
1,10,42949673055,9
1,10,42949673056,9
1,10,42949673057,9
1,10,42949673058,9
1,10,42949673059,9
1,10,42949673060,8
1,10,42949673061,9
1,10,42949673062,10
1,10,42949673063,9
1,10,42949673064,8
1,10,42949673065,9
1,10,42949673066,9
1,10,42949673067,10
1,10,42949673068,9
1,10,42949673069,9
1,10,42949673070,8
1,10,42949673071,9
1,10,42949673072,9
1,10,42949673073,9
1,10,42949673074,9
1,10,42949673075,8
1,10,42949673076,9
2,10,42949672960,0
2,10,42949672961,0
2,10,42949672962,0
2,10,42949672963,0
2,10,42949672964,0
2,10,42949672965,0
2,10,42949672966,0
2,10,42949672967,0
2,10,42949672968,0
2,10,42949672969,0
2,10,42949672970,0
2,10,42949672971,0
2,10,42949672972,0
2,10,42949672973,0
2,10,42949672974,0
2,10,42949672975,0
2,10,42949672976,0
2,10,42949672977,0
2,10,42949672978,0
2,10,42949672979,0
2,10,42949672980,0
2,10,42949672981,0
2,10,42949672982,1
2,10,42949672983,0
2,10,42949672984,0
2,10,42949672985,0
2,10,42949672986,0
2,10,42949672987,0
2,10,42949672988,0
2,10,42949672989,0
2,10,42949672990,0
2,10,42949672991,0
2,10,42949672992,0
2,10,42949672993,0
2,10,42949672994,0
2,10,42949672995,0
2,10,42949672996,0
2,10,42949672997,0
2,10,42949672998,0
2,10,42949672999,0
2,10,42949673000,0
2,10,42949673001,0
2,10,42949673002,0
2,10,42949673003,0
2,10,42949673004,0
2,10,42949673005,0
2,10,42949673006,0
2,10,42949673007,1
2,10,42949673008,0
2,10,42949673009,0
2,10,42949673010,0
2,10,42949673011,0
2,10,42949673012,0
2,10,42949673013,0
2,10,42949673014,0
2,10,42949673015,0
2,10,42949673016,0
2,10,42949673017,0
2,10,42949673018,0
2,10,42949673019,0
2,10,42949673020,0
2,10,42949673021,0
2,10,42949673022,0
2,10,42949673023,0
2,10,42949673024,0
2,10,42949673025,0
2,10,42949673026,0
2,10,42949673027,0
2,10,42949673028,0
2,10,42949673029,0
2,10,42949673030,0
2,10,42949673031,0
2,10,42949673032,0
2,10,42949673033,1
2,10,42949673034,0
2,10,42949673035,0
2,10,42949673036,0
2,10,42949673037,0
2,10,42949673038,0
2,10,42949673039,0
2,10,42949673040,0
2,10,42949673041,0
2,10,42949673042,0
2,10,42949673043,0
2,10,42949673044,0
2,10,42949673045,0
2,10,42949673046,0
2,10,42949673047,0
2,10,42949673048,0
2,10,42949673049,0
2,10,42949673050,0
2,10,42949673051,0
2,10,42949673052,0
2,10,42949673053,0
2,10,42949673054,0
2,10,42949673055,0
2,10,42949673056,0
2,10,42949673057,0
2,10,42949673058,0
2,10,42949673059,0
2,10,42949673060,0
2,10,42949673061,0
2,10,42949673062,0
2,10,42949673063,1
2,10,42949673064,0
2,10,42949673065,0
2,10,42949673066,0
2,10,42949673067,0
2,10,42949673068,0
2,10,42949673069,0
2,10,42949673070,0
2,10,42949673071,0
2,10,42949673072,0
2,10,42949673073,0
2,10,42949673074,0
2,10,42949673075,0
2,10,42949673076,0
3,10,42949672960,0
3,10,42949672961,0
3,10,42949672962,0
3,10,42949672963,0
3,10,42949672964,0
3,10,42949672965,0
3,10,42949672966,0
3,10,42949672967,0
3,10,42949672968,0
3,10,42949672969,0
3,10,42949672970,0
3,10,42949672971,0
3,10,42949672972,0
3,10,42949672973,147
3,10,42949672974,0
3,10,42949672975,0
3,10,42949672976,1
3,10,42949672977,0
3,10,42949672978,0
3,10,42949672979,0
3,10,42949672980,0
3,10,42949672981,0
3,10,42949672982,0
3,10,42949672983,0
3,10,42949672984,0
3,10,42949672985,0
3,10,42949672986,0
3,10,42949672987,0
3,10,42949672988,0
3,10,42949672989,0
3,10,42949672990,0
3,10,42949672991,0
3,10,42949672992,0
3,10,42949672993,440653
3,10,42949672994,156
3,10,42949672995,0
3,10,42949672996,0
3,10,42949672997,0
3,10,42949672998,0
3,10,42949672999,0
3,10,42949673000,0
3,10,42949673001,0
3,10,42949673002,0
3,10,42949673003,0
3,10,42949673004,0
3,10,42949673005,0
3,10,42949673006,0
3,10,42949673007,0
3,10,42949673008,0
3,10,42949673009,0
3,10,42949673010,0
3,10,42949673011,0
3,10,42949673012,0
3,10,42949673013,0
3,10,42949673014,0
3,10,42949673015,1
3,10,42949673016,0
3,10,42949673017,0
3,10,42949673018,0
3,10,42949673019,0
3,10,42949673020,0
3,10,42949673021,0
3,10,42949673022,0
3,10,42949673023,0
3,10,42949673024,0
3,10,42949673025,0
3,10,42949673026,0
3,10,42949673027,0
3,10,42949673028,0
3,10,42949673029,0
3,10,42949673030,0
3,10,42949673031,0
3,10,42949673032,0
3,10,42949673033,0
3,10,42949673034,0
3,10,42949673035,0
3,10,42949673036,12
3,10,42949673037,1
3,10,42949673038,0
3,10,42949673039,0
3,10,42949673040,0
3,10,42949673041,0
3,10,42949673042,0
3,10,42949673043,0
3,10,42949673044,0
3,10,42949673045,0
3,10,42949673046,0
3,10,42949673047,0
3,10,42949673048,0
3,10,42949673049,0
3,10,42949673050,0
3,10,42949673051,0
3,10,42949673052,0
3,10,42949673053,0
3,10,42949673054,0
3,10,42949673055,0
3,10,42949673056,0
3,10,42949673057,0
3,10,42949673058,0
3,10,42949673059,0
3,10,42949673060,0
3,10,42949673061,1
3,10,42949673062,0
3,10,42949673063,0
3,10,42949673064,0
3,10,42949673065,0
3,10,42949673066,0
3,10,42949673067,0
3,10,42949673068,0
3,10,42949673069,0
3,10,42949673070,0
3,10,42949673071,0
3,10,42949673072,0
3,10,42949673073,0
3,10,42949673074,0
3,10,42949673075,0
3,10,42949673076,0
4,10,42949672960,0
4,10,42949672961,0
4,10,42949672962,0
4,10,42949672963,0
4,10,42949672964,0
4,10,42949672965,0
4,10,42949672966,0
4,10,42949672967,0
4,10,42949672968,0
4,10,42949672969,1
4,10,42949672970,0
4,10,42949672971,0
4,10,42949672972,0
4,10,42949672973,1
4,10,42949672974,0
4,10,42949672975,0
4,10,42949672976,0
4,10,42949672977,0
4,10,42949672978,0
4,10,42949672979,0
4,10,42949672980,0
4,10,42949672981,0
4,10,42949672982,0
4,10,42949672983,0
4,10,42949672984,0
4,10,42949672985,0
4,10,42949672986,0
4,10,42949672987,0
4,10,42949672988,0
4,10,42949672989,0
4,10,42949672990,0
4,10,42949672991,0
4,10,42949672992,0
4,10,42949672993,398398
4,10,42949672994,158
4,10,42949672995,1
4,10,42949672996,0
4,10,42949672997,0
4,10,42949672998,0
4,10,42949672999,0
4,10,42949673000,0
4,10,42949673001,0
4,10,42949673002,0
4,10,42949673003,0
4,10,42949673004,0
4,10,42949673005,0
4,10,42949673006,0
4,10,42949673007,0
4,10,42949673008,0
4,10,42949673009,0
4,10,42949673010,0
4,10,42949673011,0
4,10,42949673012,1
4,10,42949673013,0
4,10,42949673014,0
4,10,42949673015,0
4,10,42949673016,0
4,10,42949673017,0
4,10,42949673018,1
4,10,42949673019,0
4,10,42949673020,0
4,10,42949673021,0
4,10,42949673022,0
4,10,42949673023,0
4,10,42949673024,0
4,10,42949673025,0
4,10,42949673026,0
4,10,42949673027,0
4,10,42949673028,0
4,10,42949673029,0
4,10,42949673030,0
4,10,42949673031,1
4,10,42949673032,0
4,10,42949673033,0
4,10,42949673034,0
4,10,42949673035,0
4,10,42949673036,12
4,10,42949673037,0
4,10,42949673038,0
4,10,42949673039,0
4,10,42949673040,0
4,10,42949673041,0
4,10,42949673042,0
4,10,42949673043,0
4,10,42949673044,0
4,10,42949673045,0
4,10,42949673046,0
4,10,42949673047,0
4,10,42949673048,0
4,10,42949673049,0
4,10,42949673050,0
4,10,42949673051,68
4,10,42949673052,0
4,10,42949673053,0
4,10,42949673054,0
4,10,42949673055,5
4,10,42949673056,0
4,10,42949673057,0
4,10,42949673058,0
4,10,42949673059,0
4,10,42949673060,0
4,10,42949673061,0
4,10,42949673062,0
4,10,42949673063,0
4,10,42949673064,0
4,10,42949673065,0
4,10,42949673066,0
4,10,42949673067,1
4,10,42949673068,0
4,10,42949673069,0
4,10,42949673070,0
4,10,42949673071,0
4,10,42949673072,0
4,10,42949673073,0
4,10,42949673074,0
4,10,42949673075,0
4,10,42949673076,0
5,10,42949672960,0
5,10,42949672961,0
5,10,42949672962,0
5,10,42949672963,0
5,10,42949672964,0
5,10,42949672965,0
5,10,42949672966,0
5,10,42949672967,0
5,10,42949672968,0
5,10,42949672969,0
5,10,42949672970,0
5,10,42949672971,0
5,10,42949672972,0
5,10,42949672973,0
5,10,42949672974,0
5,10,42949672975,0
5,10,42949672976,0
5,10,42949672977,0
5,10,42949672978,0
5,10,42949672979,0
5,10,42949672980,0
5,10,42949672981,0
5,10,42949672982,0
5,10,42949672983,0
5,10,42949672984,0
5,10,42949672985,0
5,10,42949672986,0
5,10,42949672987,0
5,10,42949672988,0
5,10,42949672989,0
5,10,42949672990,0
5,10,42949672991,0
5,10,42949672992,0
5,10,42949672993,7303
5,10,42949672994,0
5,10,42949672995,0
5,10,42949672996,0
5,10,42949672997,0
5,10,42949672998,0
5,10,42949672999,0
5,10,42949673000,0
5,10,42949673001,1
5,10,42949673002,0
5,10,42949673003,0
5,10,42949673004,0
5,10,42949673005,0
5,10,42949673006,0
5,10,42949673007,0
5,10,42949673008,0
5,10,42949673009,0
5,10,42949673010,0
5,10,42949673011,0
5,10,42949673012,0
5,10,42949673013,0
5,10,42949673014,0
5,10,42949673015,0
5,10,42949673016,0
5,10,42949673017,0
5,10,42949673018,0
5,10,42949673019,0
5,10,42949673020,0
5,10,42949673021,0
5,10,42949673022,0
5,10,42949673023,0
5,10,42949673024,0
5,10,42949673025,0
5,10,42949673026,0
5,10,42949673027,0
5,10,42949673028,0
5,10,42949673029,0
5,10,42949673030,0
5,10,42949673031,0
5,10,42949673032,0
5,10,42949673033,0
5,10,42949673034,0
5,10,42949673035,0
5,10,42949673036,13
5,10,42949673037,0
5,10,42949673038,0
5,10,42949673039,1
5,10,42949673040,0
5,10,42949673041,0
5,10,42949673042,0
5,10,42949673043,0
5,10,42949673044,0
5,10,42949673045,0
5,10,42949673046,0
5,10,42949673047,0
5,10,42949673048,0
5,10,42949673049,0
5,10,42949673050,0
5,10,42949673051,0
5,10,42949673052,0
5,10,42949673053,0
5,10,42949673054,0
5,10,42949673055,5
5,10,42949673056,0
5,10,42949673057,0
5,10,42949673058,0
5,10,42949673059,0
5,10,42949673060,0
5,10,42949673061,1
5,10,42949673062,0
5,10,42949673063,0
5,10,42949673064,0
5,10,42949673065,0
5,10,42949673066,0
5,10,42949673067,0
5,10,42949673068,0
5,10,42949673069,0
5,10,42949673070,0
5,10,42949673071,0
5,10,42949673072,0
5,10,42949673073,0
5,10,42949673074,0
5,10,42949673075,0
5,10,42949673076,0
6,10,42949672960,0
6,10,42949672961,0
6,10,42949672962,0
6,10,42949672963,0
6,10,42949672964,0
6,10,42949672965,0
6,10,42949672966,0
6,10,42949672967,0
6,10,42949672968,0
6,10,42949672969,0
6,10,42949672970,0
6,10,42949672971,0
6,10,42949672972,0
6,10,42949672973,0
6,10,42949672974,0
6,10,42949672975,0
6,10,42949672976,0
6,10,42949672977,1
6,10,42949672978,0
6,10,42949672979,0
6,10,42949672980,0
6,10,42949672981,0
6,10,42949672982,0
6,10,42949672983,0
6,10,42949672984,0
6,10,42949672985,0
6,10,42949672986,0
6,10,42949672987,0
6,10,42949672988,0
6,10,42949672989,0
6,10,42949672990,0
6,10,42949672991,0
6,10,42949672992,0
6,10,42949672993,10
6,10,42949672994,0
6,10,42949672995,0
6,10,42949672996,0
6,10,42949672997,0
6,10,42949672998,0
6,10,42949672999,0
6,10,42949673000,0
6,10,42949673001,0
6,10,42949673002,0
6,10,42949673003,0
6,10,42949673004,0
6,10,42949673005,0
6,10,42949673006,0
6,10,42949673007,0
6,10,42949673008,0
6,10,42949673009,0
6,10,42949673010,0
6,10,42949673011,0
6,10,42949673012,0
6,10,42949673013,0
6,10,42949673014,0
6,10,42949673015,0
6,10,42949673016,0
6,10,42949673017,0
6,10,42949673018,0
6,10,42949673019,0
6,10,42949673020,0
6,10,42949673021,0
6,10,42949673022,0
6,10,42949673023,0
6,10,42949673024,0
6,10,42949673025,0
6,10,42949673026,0
6,10,42949673027,0
6,10,42949673028,0
6,10,42949673029,0
6,10,42949673030,0
6,10,42949673031,0
6,10,42949673032,0
6,10,42949673033,0
6,10,42949673034,0
6,10,42949673035,0
6,10,42949673036,0
6,10,42949673037,0
6,10,42949673038,0
6,10,42949673039,0
6,10,42949673040,0
6,10,42949673041,0
6,10,42949673042,0
6,10,42949673043,0
6,10,42949673044,0
6,10,42949673045,0
6,10,42949673046,0
6,10,42949673047,0
6,10,42949673048,0
6,10,42949673049,0
6,10,42949673050,0
6,10,42949673051,0
6,10,42949673052,0
6,10,42949673053,0
6,10,42949673054,0
6,10,42949673055,0
6,10,42949673056,0
6,10,42949673057,0
6,10,42949673058,0
6,10,42949673059,0
6,10,42949673060,0
6,10,42949673061,0
6,10,42949673062,0
6,10,42949673063,0
6,10,42949673064,0
6,10,42949673065,0
6,10,42949673066,0
6,10,42949673067,0
6,10,42949673068,0
6,10,42949673069,0
6,10,42949673070,0
6,10,42949673071,0
6,10,42949673072,0
6,10,42949673073,0
6,10,42949673074,0
6,10,42949673075,0
6,10,42949673076,0
7,10,42949672960,0
7,10,42949672961,0
7,10,42949672962,0
7,10,42949672963,0
7,10,42949672964,0
7,10,42949672965,0
7,10,42949672966,0
7,10,42949672967,0
7,10,42949672968,0
7,10,42949672969,0
7,10,42949672970,0
7,10,42949672971,0
7,10,42949672972,0
7,10,42949672973,0
7,10,42949672974,0
7,10,42949672975,0
7,10,42949672976,0
7,10,42949672977,1
7,10,42949672978,0
7,10,42949672979,0
7,10,42949672980,0
7,10,42949672981,0
7,10,42949672982,0
7,10,42949672983,0
7,10,42949672984,0
7,10,42949672985,0
7,10,42949672986,0
7,10,42949672987,0
7,10,42949672988,0
7,10,42949672989,0
7,10,42949672990,0
7,10,42949672991,0
7,10,42949672992,0
7,10,42949672993,1
7,10,42949672994,0
7,10,42949672995,0
7,10,42949672996,0
7,10,42949672997,0
7,10,42949672998,0
7,10,42949672999,0
7,10,42949673000,0
7,10,42949673001,0
7,10,42949673002,0
7,10,42949673003,0
7,10,42949673004,0
7,10,42949673005,0
7,10,42949673006,0
7,10,42949673007,0
7,10,42949673008,0
7,10,42949673009,0
7,10,42949673010,0
7,10,42949673011,0
7,10,42949673012,0
7,10,42949673013,0
7,10,42949673014,0
7,10,42949673015,0
7,10,42949673016,0
7,10,42949673017,0
7,10,42949673018,0
7,10,42949673019,0
7,10,42949673020,0
7,10,42949673021,0
7,10,42949673022,0
7,10,42949673023,0
7,10,42949673024,0
7,10,42949673025,0
7,10,42949673026,0
7,10,42949673027,1
7,10,42949673028,0
7,10,42949673029,0
7,10,42949673030,0
7,10,42949673031,0
7,10,42949673032,0
7,10,42949673033,0
7,10,42949673034,0
7,10,42949673035,0
7,10,42949673036,0
7,10,42949673037,0
7,10,42949673038,0
7,10,42949673039,0
7,10,42949673040,0
7,10,42949673041,0
7,10,42949673042,0
7,10,42949673043,0
7,10,42949673044,0
7,10,42949673045,0
7,10,42949673046,0
7,10,42949673047,0
7,10,42949673048,0
7,10,42949673049,0
7,10,42949673050,0
7,10,42949673051,0
7,10,42949673052,0
7,10,42949673053,0
7,10,42949673054,0
7,10,42949673055,0
7,10,42949673056,0
7,10,42949673057,0
7,10,42949673058,0
7,10,42949673059,0
7,10,42949673060,0
7,10,42949673061,0
7,10,42949673062,0
7,10,42949673063,0
7,10,42949673064,0
7,10,42949673065,0
7,10,42949673066,0
7,10,42949673067,0
7,10,42949673068,0
7,10,42949673069,0
7,10,42949673070,0
7,10,42949673071,0
7,10,42949673072,0
7,10,42949673073,0
7,10,42949673074,0
7,10,42949673075,0
7,10,42949673076,0
8,10,42949672960,0
8,10,42949672961,0
8,10,42949672962,0
8,10,42949672963,0
8,10,42949672964,0
8,10,42949672965,0
8,10,42949672966,0
8,10,42949672967,0
8,10,42949672968,0
8,10,42949672969,0
8,10,42949672970,0
8,10,42949672971,0
8,10,42949672972,0
8,10,42949672973,0
8,10,42949672974,1
8,10,42949672975,0
8,10,42949672976,0
8,10,42949672977,0
8,10,42949672978,0
8,10,42949672979,0
8,10,42949672980,0
8,10,42949672981,0
8,10,42949672982,0
8,10,42949672983,0
8,10,42949672984,0
8,10,42949672985,0
8,10,42949672986,0
8,10,42949672987,0
8,10,42949672988,0
8,10,42949672989,0
8,10,42949672990,0
8,10,42949672991,0
8,10,42949672992,0
8,10,42949672993,0
8,10,42949672994,0
8,10,42949672995,0
8,10,42949672996,0
8,10,42949672997,0
8,10,42949672998,0
8,10,42949672999,0
8,10,42949673000,0
8,10,42949673001,0
8,10,42949673002,0
8,10,42949673003,0
8,10,42949673004,0
8,10,42949673005,0
8,10,42949673006,0
8,10,42949673007,0
8,10,42949673008,0
8,10,42949673009,0
8,10,42949673010,0
8,10,42949673011,0
8,10,42949673012,0
8,10,42949673013,0
8,10,42949673014,0
8,10,42949673015,0
8,10,42949673016,0
8,10,42949673017,0
8,10,42949673018,0
8,10,42949673019,0
8,10,42949673020,0
8,10,42949673021,0
8,10,42949673022,0
8,10,42949673023,0
8,10,42949673024,0
8,10,42949673025,0
8,10,42949673026,0
8,10,42949673027,0
8,10,42949673028,0
8,10,42949673029,0
8,10,42949673030,0
8,10,42949673031,0
8,10,42949673032,0
8,10,42949673033,0
8,10,42949673034,0
8,10,42949673035,0
8,10,42949673036,0
8,10,42949673037,0
8,10,42949673038,0
8,10,42949673039,0
8,10,42949673040,0
8,10,42949673041,0
8,10,42949673042,0
8,10,42949673043,0
8,10,42949673044,0
8,10,42949673045,0
8,10,42949673046,0
8,10,42949673047,0
8,10,42949673048,0
8,10,42949673049,0
8,10,42949673050,0
8,10,42949673051,0
8,10,42949673052,0
8,10,42949673053,0
8,10,42949673054,0
8,10,42949673055,0
8,10,42949673056,0
8,10,42949673057,0
8,10,42949673058,0
8,10,42949673059,0
8,10,42949673060,0
8,10,42949673061,0
8,10,42949673062,0
8,10,42949673063,0
8,10,42949673064,0
8,10,42949673065,0
8,10,42949673066,0
8,10,42949673067,0
8,10,42949673068,0
8,10,42949673069,0
8,10,42949673070,0
8,10,42949673071,0
8,10,42949673072,0
8,10,42949673073,0
8,10,42949673074,0
8,10,42949673075,0
8,10,42949673076,0
9,10,42949672960,0
9,10,42949672961,0
9,10,42949672962,0
9,10,42949672963,0
9,10,42949672964,0
9,10,42949672965,0
9,10,42949672966,0
9,10,42949672967,0
9,10,42949672968,0
9,10,42949672969,0
9,10,42949672970,0
9,10,42949672971,0
9,10,42949672972,0
9,10,42949672973,0
9,10,42949672974,0
9,10,42949672975,0
9,10,42949672976,0
9,10,42949672977,0
9,10,42949672978,0
9,10,42949672979,0
9,10,42949672980,0
9,10,42949672981,0
9,10,42949672982,0
9,10,42949672983,0
9,10,42949672984,0
9,10,42949672985,0
9,10,42949672986,1
9,10,42949672987,0
9,10,42949672988,0
9,10,42949672989,0
9,10,42949672990,0
9,10,42949672991,0
9,10,42949672992,0
9,10,42949672993,0
9,10,42949672994,0
9,10,42949672995,0
9,10,42949672996,0
9,10,42949672997,0
9,10,42949672998,0
9,10,42949672999,0
9,10,42949673000,0
9,10,42949673001,0
9,10,42949673002,0
9,10,42949673003,0
9,10,42949673004,0
9,10,42949673005,0
9,10,42949673006,0
9,10,42949673007,0
9,10,42949673008,0
9,10,42949673009,0
9,10,42949673010,0
9,10,42949673011,0
9,10,42949673012,0
9,10,42949673013,0
9,10,42949673014,0
9,10,42949673015,0
9,10,42949673016,0
9,10,42949673017,0
9,10,42949673018,0
9,10,42949673019,0
9,10,42949673020,0
9,10,42949673021,0
9,10,42949673022,0
9,10,42949673023,0
9,10,42949673024,0
9,10,42949673025,0
9,10,42949673026,0
9,10,42949673027,0
9,10,42949673028,0
9,10,42949673029,0
9,10,42949673030,0
9,10,42949673031,0
9,10,42949673032,0
9,10,42949673033,0
9,10,42949673034,0
9,10,42949673035,0
9,10,42949673036,0
9,10,42949673037,0
9,10,42949673038,0
9,10,42949673039,0
9,10,42949673040,0
9,10,42949673041,0
9,10,42949673042,0
9,10,42949673043,0
9,10,42949673044,0
9,10,42949673045,0
9,10,42949673046,0
9,10,42949673047,0
9,10,42949673048,0
9,10,42949673049,0
9,10,42949673050,0
9,10,42949673051,0
9,10,42949673052,0
9,10,42949673053,0
9,10,42949673054,0
9,10,42949673055,0
9,10,42949673056,0
9,10,42949673057,0
9,10,42949673058,0
9,10,42949673059,0
9,10,42949673060,0
9,10,42949673061,0
9,10,42949673062,0
9,10,42949673063,0
9,10,42949673064,0
9,10,42949673065,0
9,10,42949673066,0
9,10,42949673067,0
9,10,42949673068,0
9,10,42949673069,0
9,10,42949673070,0
9,10,42949673071,0
9,10,42949673072,0
9,10,42949673073,0
9,10,42949673074,0
9,10,42949673075,0
9,10,42949673076,0
10,10,42949672960,0
10,10,42949672961,0
10,10,42949672962,1
10,10,42949672963,0
10,10,42949672964,0
10,10,42949672965,0
10,10,42949672966,0
10,10,42949672967,0
10,10,42949672968,0
10,10,42949672969,0
10,10,42949672970,0
10,10,42949672971,0
10,10,42949672972,0
10,10,42949672973,0
10,10,42949672974,0
10,10,42949672975,0
10,10,42949672976,0
10,10,42949672977,0
10,10,42949672978,0
10,10,42949672979,0
10,10,42949672980,0
10,10,42949672981,0
10,10,42949672982,0
10,10,42949672983,0
10,10,42949672984,0
10,10,42949672985,0
10,10,42949672986,0
10,10,42949672987,0
10,10,42949672988,0
10,10,42949672989,0
10,10,42949672990,0
10,10,42949672991,0
10,10,42949672992,0
10,10,42949672993,1
10,10,42949672994,0
10,10,42949672995,0
10,10,42949672996,0
10,10,42949672997,0
10,10,42949672998,0
10,10,42949672999,0
10,10,42949673000,0
10,10,42949673001,0
10,10,42949673002,0
10,10,42949673003,0
10,10,42949673004,0
10,10,42949673005,0
10,10,42949673006,0
10,10,42949673007,0
10,10,42949673008,0
10,10,42949673009,0
10,10,42949673010,0
10,10,42949673011,0
10,10,42949673012,0
10,10,42949673013,0
10,10,42949673014,0
10,10,42949673015,0
10,10,42949673016,0
10,10,42949673017,0
10,10,42949673018,0
10,10,42949673019,0
10,10,42949673020,0
10,10,42949673021,0
10,10,42949673022,0
10,10,42949673023,0
10,10,42949673024,0
10,10,42949673025,0
10,10,42949673026,0
10,10,42949673027,0
10,10,42949673028,0
10,10,42949673029,0
10,10,42949673030,0
10,10,42949673031,0
10,10,42949673032,0
10,10,42949673033,1
10,10,42949673034,0
10,10,42949673035,0
10,10,42949673036,0
10,10,42949673037,0
10,10,42949673038,0
10,10,42949673039,0
10,10,42949673040,0
10,10,42949673041,0
10,10,42949673042,0
10,10,42949673043,0
10,10,42949673044,0
10,10,42949673045,0
10,10,42949673046,0
10,10,42949673047,0
10,10,42949673048,0
10,10,42949673049,0
10,10,42949673050,0
10,10,42949673051,0
10,10,42949673052,0
10,10,42949673053,0
10,10,42949673054,0
10,10,42949673055,0
10,10,42949673056,0
10,10,42949673057,0
10,10,42949673058,0
10,10,42949673059,0
10,10,42949673060,0
10,10,42949673061,0
10,10,42949673062,0
10,10,42949673063,0
10,10,42949673064,0
10,10,42949673065,0
10,10,42949673066,0
10,10,42949673067,0
10,10,42949673068,1
10,10,42949673069,0
10,10,42949673070,0
10,10,42949673071,0
10,10,42949673072,0
10,10,42949673073,0
10,10,42949673074,0
10,10,42949673075,0
10,10,42949673076,0
11,10,42949672960,0
11,10,42949672961,0
11,10,42949672962,0
11,10,42949672963,0
11,10,42949672964,0
11,10,42949672965,0
11,10,42949672966,0
11,10,42949672967,0
11,10,42949672968,0
11,10,42949672969,0
11,10,42949672970,0
11,10,42949672971,0
11,10,42949672972,0
11,10,42949672973,0
11,10,42949672974,0
11,10,42949672975,0
11,10,42949672976,0
11,10,42949672977,0
11,10,42949672978,0
11,10,42949672979,0
11,10,42949672980,0
11,10,42949672981,0
11,10,42949672982,0
11,10,42949672983,0
11,10,42949672984,0
11,10,42949672985,0
11,10,42949672986,0
11,10,42949672987,0
11,10,42949672988,0
11,10,42949672989,0
11,10,42949672990,0
11,10,42949672991,0
11,10,42949672992,0
11,10,42949672993,0
11,10,42949672994,0
11,10,42949672995,0
11,10,42949672996,0
11,10,42949672997,0
11,10,42949672998,0
11,10,42949672999,0
11,10,42949673000,0
11,10,42949673001,0
11,10,42949673002,0
11,10,42949673003,0
11,10,42949673004,0
11,10,42949673005,0
11,10,42949673006,0
11,10,42949673007,0
11,10,42949673008,0
11,10,42949673009,0
11,10,42949673010,0
11,10,42949673011,0
11,10,42949673012,0
11,10,42949673013,0
11,10,42949673014,0
11,10,42949673015,0
11,10,42949673016,0
11,10,42949673017,0
11,10,42949673018,0
11,10,42949673019,0
11,10,42949673020,0
11,10,42949673021,0
11,10,42949673022,0
11,10,42949673023,0
11,10,42949673024,0
11,10,42949673025,0
11,10,42949673026,0
11,10,42949673027,0
11,10,42949673028,0
11,10,42949673029,0
11,10,42949673030,0
11,10,42949673031,0
11,10,42949673032,0
11,10,42949673033,0
11,10,42949673034,0
11,10,42949673035,0
11,10,42949673036,0
11,10,42949673037,0
11,10,42949673038,0
11,10,42949673039,0
11,10,42949673040,0
11,10,42949673041,0
11,10,42949673042,0
11,10,42949673043,0
11,10,42949673044,0
11,10,42949673045,0
11,10,42949673046,0
11,10,42949673047,0
11,10,42949673048,0
11,10,42949673049,0
11,10,42949673050,0
11,10,42949673051,0
11,10,42949673052,0
11,10,42949673053,0
11,10,42949673054,0
11,10,42949673055,0
11,10,42949673056,0
11,10,42949673057,0
11,10,42949673058,0
11,10,42949673059,0
11,10,42949673060,0
11,10,42949673061,0
11,10,42949673062,0
11,10,42949673063,0
11,10,42949673064,0
11,10,42949673065,0
11,10,42949673066,0
11,10,42949673067,0
11,10,42949673068,0
11,10,42949673069,0
11,10,42949673070,0
11,10,42949673071,0
11,10,42949673072,0
11,10,42949673073,0
11,10,42949673074,0
11,10,42949673075,0
11,10,42949673076,0
12,10,42949672960,1
12,10,42949672961,0
12,10,42949672962,0
12,10,42949672963,1
12,10,42949672964,0
12,10,42949672965,0
12,10,42949672966,0
12,10,42949672967,0
12,10,42949672968,1
12,10,42949672969,5
12,10,42949672970,1
12,10,42949672971,1
12,10,42949672972,0
12,10,42949672973,80
12,10,42949672974,0
12,10,42949672975,0
12,10,42949672976,0
12,10,42949672977,0
12,10,42949672978,0
12,10,42949672979,1
12,10,42949672980,0
12,10,42949672981,0
12,10,42949672982,0
12,10,42949672983,0
12,10,42949672984,0
12,10,42949672985,0
12,10,42949672986,0
12,10,42949672987,0
12,10,42949672988,0
12,10,42949672989,0
12,10,42949672990,0
12,10,42949672991,0
12,10,42949672992,0
12,10,42949672993,1985
12,10,42949672994,26
12,10,42949672995,0
12,10,42949672996,0
12,10,42949672997,0
12,10,42949672998,0
12,10,42949672999,0
12,10,42949673000,0
12,10,42949673001,0
12,10,42949673002,0
12,10,42949673003,1
12,10,42949673004,0
12,10,42949673005,3
12,10,42949673006,0
12,10,42949673007,0
12,10,42949673008,0
12,10,42949673009,1
12,10,42949673010,0
12,10,42949673011,0
12,10,42949673012,0
12,10,42949673013,0
12,10,42949673014,0
12,10,42949673015,0
12,10,42949673016,0
12,10,42949673017,0
12,10,42949673018,1
12,10,42949673019,0
12,10,42949673020,0
12,10,42949673021,0
12,10,42949673022,0
12,10,42949673023,0
12,10,42949673024,0
12,10,42949673025,0
12,10,42949673026,0
12,10,42949673027,0
12,10,42949673028,0
12,10,42949673029,0
12,10,42949673030,0
12,10,42949673031,0
12,10,42949673032,0
12,10,42949673033,0
12,10,42949673034,0
12,10,42949673035,0
12,10,42949673036,4
12,10,42949673037,0
12,10,42949673038,0
12,10,42949673039,0
12,10,42949673040,0
12,10,42949673041,0
12,10,42949673042,0
12,10,42949673043,0
12,10,42949673044,1
12,10,42949673045,0
12,10,42949673046,0
12,10,42949673047,0
12,10,42949673048,0
12,10,42949673049,0
12,10,42949673050,0
12,10,42949673051,18
12,10,42949673052,0
12,10,42949673053,0
12,10,42949673054,0
12,10,42949673055,1
12,10,42949673056,0
12,10,42949673057,0
12,10,42949673058,0
12,10,42949673059,0
12,10,42949673060,0
12,10,42949673061,0
12,10,42949673062,0
12,10,42949673063,0
12,10,42949673064,0
12,10,42949673065,0
12,10,42949673066,0
12,10,42949673067,0
12,10,42949673068,0
12,10,42949673069,0
12,10,42949673070,0
12,10,42949673071,0
12,10,42949673072,0
12,10,42949673073,0
12,10,42949673074,0
12,10,42949673075,0
12,10,42949673076,1
13,10,42949672960,0
13,10,42949672961,0
13,10,42949672962,0
13,10,42949672963,0
13,10,42949672964,0
13,10,42949672965,0
13,10,42949672966,0
13,10,42949672967,1
13,10,42949672968,0
13,10,42949672969,0
13,10,42949672970,0
13,10,42949672971,0
13,10,42949672972,1
13,10,42949672973,1
13,10,42949672974,0
13,10,42949672975,0
13,10,42949672976,0
13,10,42949672977,1
13,10,42949672978,0
13,10,42949672979,0
13,10,42949672980,0
13,10,42949672981,0
13,10,42949672982,1
13,10,42949672983,0
13,10,42949672984,0
13,10,42949672985,0
13,10,42949672986,0
13,10,42949672987,1
13,10,42949672988,0
13,10,42949672989,0
13,10,42949672990,0
13,10,42949672991,1
13,10,42949672992,0
13,10,42949672993,97
13,10,42949672994,2
13,10,42949672995,0
13,10,42949672996,0
13,10,42949672997,0
13,10,42949672998,0
13,10,42949672999,0
13,10,42949673000,0
13,10,42949673001,0
13,10,42949673002,1
13,10,42949673003,0
13,10,42949673004,0
13,10,42949673005,1
13,10,42949673006,0
13,10,42949673007,0
13,10,42949673008,0
13,10,42949673009,0
13,10,42949673010,0
13,10,42949673011,0
13,10,42949673012,0
13,10,42949673013,0
13,10,42949673014,0
13,10,42949673015,1
13,10,42949673016,0
13,10,42949673017,0
13,10,42949673018,0
13,10,42949673019,0
13,10,42949673020,1
13,10,42949673021,0
13,10,42949673022,0
13,10,42949673023,0
13,10,42949673024,0
13,10,42949673025,1
13,10,42949673026,0
13,10,42949673027,0
13,10,42949673028,0
13,10,42949673029,0
13,10,42949673030,1
13,10,42949673031,0
13,10,42949673032,0
13,10,42949673033,0
13,10,42949673034,1
13,10,42949673035,0
13,10,42949673036,0
13,10,42949673037,1
13,10,42949673038,0
13,10,42949673039,0
13,10,42949673040,0
13,10,42949673041,0
13,10,42949673042,0
13,10,42949673043,0
13,10,42949673044,0
13,10,42949673045,0
13,10,42949673046,0
13,10,42949673047,1
13,10,42949673048,0
13,10,42949673049,0
13,10,42949673050,0
13,10,42949673051,1
13,10,42949673052,0
13,10,42949673053,1
13,10,42949673054,0
13,10,42949673055,0
13,10,42949673056,0
13,10,42949673057,1
13,10,42949673058,0
13,10,42949673059,0
13,10,42949673060,0
13,10,42949673061,1
13,10,42949673062,0
13,10,42949673063,0
13,10,42949673064,0
13,10,42949673065,1
13,10,42949673066,0
13,10,42949673067,0
13,10,42949673068,0
13,10,42949673069,0
13,10,42949673070,1
13,10,42949673071,0
13,10,42949673072,0
13,10,42949673073,0
13,10,42949673074,1
13,10,42949673075,0
13,10,42949673076,0
14,10,42949672960,1084
14,10,42949672961,449
14,10,42949672962,336
14,10,42949672963,306
14,10,42949672964,1195
14,10,42949672965,198
14,10,42949672966,963
14,10,42949672967,207
14,10,42949672968,154
14,10,42949672969,281
14,10,42949672970,195
14,10,42949672971,311
14,10,42949672972,208
14,10,42949672973,404
14,10,42949672974,283
14,10,42949672975,186
14,10,42949672976,178
14,10,42949672977,101
14,10,42949672978,311
14,10,42949672979,320
14,10,42949672980,90
14,10,42949672981,132
14,10,42949672982,192
14,10,42949672983,97
14,10,42949672984,352
14,10,42949672985,209
14,10,42949672986,245
14,10,42949672987,157
14,10,42949672988,197
14,10,42949672989,96
14,10,42949672990,211
14,10,42949672991,113
14,10,42949672992,337
14,10,42949672993,5402
14,10,42949672994,120
14,10,42949672995,270
14,10,42949672996,229
14,10,42949672997,103
14,10,42949672998,98
14,10,42949672999,139
14,10,42949673000,190
14,10,42949673001,230
14,10,42949673002,267
14,10,42949673003,109
14,10,42949673004,271
14,10,42949673005,104
14,10,42949673006,379
14,10,42949673007,243
14,10,42949673008,95
14,10,42949673009,83
14,10,42949673010,307
14,10,42949673011,537
14,10,42949673012,113
14,10,42949673013,75
14,10,42949673014,100
14,10,42949673015,79
14,10,42949673016,90
14,10,42949673017,99
14,10,42949673018,94
14,10,42949673019,97
14,10,42949673020,217
14,10,42949673021,85
14,10,42949673022,363
14,10,42949673023,192
14,10,42949673024,989
14,10,42949673025,838
14,10,42949673026,120
14,10,42949673027,147
14,10,42949673028,124
14,10,42949673029,76
14,10,42949673030,807
14,10,42949673031,986
14,10,42949673032,986
14,10,42949673033,121
14,10,42949673034,78
14,10,42949673035,68
14,10,42949673036,101
14,10,42949673037,90
14,10,42949673038,49
14,10,42949673039,92
14,10,42949673040,60
14,10,42949673041,68
14,10,42949673042,67
14,10,42949673043,60
14,10,42949673044,88
14,10,42949673045,72
14,10,42949673046,66
14,10,42949673047,67
14,10,42949673048,66
14,10,42949673049,84
14,10,42949673050,66
14,10,42949673051,67
14,10,42949673052,54
14,10,42949673053,64
14,10,42949673054,393
14,10,42949673055,566
14,10,42949673056,414
14,10,42949673057,309
14,10,42949673058,481
14,10,42949673059,92
14,10,42949673060,92
14,10,42949673061,117
14,10,42949673062,202
14,10,42949673063,1135
14,10,42949673064,282
14,10,42949673065,100
14,10,42949673066,100
14,10,42949673067,125
14,10,42949673068,209
14,10,42949673069,170
14,10,42949673070,196
14,10,42949673071,217
14,10,42949673072,125
14,10,42949673073,67
14,10,42949673074,67
14,10,42949673075,66
14,10,42949673076,67
15,10,42949672960,0
15,10,42949672961,0
15,10,42949672962,0
15,10,42949672963,0
15,10,42949672964,0
15,10,42949672965,0
15,10,42949672966,0
15,10,42949672967,0
15,10,42949672968,0
15,10,42949672969,0
15,10,42949672970,0
15,10,42949672971,0
15,10,42949672972,0
15,10,42949672973,0
15,10,42949672974,0
15,10,42949672975,0
15,10,42949672976,0
15,10,42949672977,0
15,10,42949672978,0
15,10,42949672979,0
15,10,42949672980,0
15,10,42949672981,0
15,10,42949672982,0
15,10,42949672983,0
15,10,42949672984,0
15,10,42949672985,0
15,10,42949672986,0
15,10,42949672987,0
15,10,42949672988,0
15,10,42949672989,0
15,10,42949672990,0
15,10,42949672991,0
15,10,42949672992,0
15,10,42949672993,0
15,10,42949672994,0
15,10,42949672995,0
15,10,42949672996,0
15,10,42949672997,0
15,10,42949672998,0
15,10,42949672999,0
15,10,42949673000,0
15,10,42949673001,0
15,10,42949673002,0
15,10,42949673003,0
15,10,42949673004,0
15,10,42949673005,0
15,10,42949673006,0
15,10,42949673007,0
15,10,42949673008,0
15,10,42949673009,0
15,10,42949673010,0
15,10,42949673011,0
15,10,42949673012,0
15,10,42949673013,0
15,10,42949673014,0
15,10,42949673015,0
15,10,42949673016,0
15,10,42949673017,0
15,10,42949673018,0
15,10,42949673019,0
15,10,42949673020,0
15,10,42949673021,0
15,10,42949673022,0
15,10,42949673023,0
15,10,42949673024,0
15,10,42949673025,0
15,10,42949673026,0
15,10,42949673027,0
15,10,42949673028,0
15,10,42949673029,0
15,10,42949673030,0
15,10,42949673031,0
15,10,42949673032,0
15,10,42949673033,0
15,10,42949673034,0
15,10,42949673035,0
15,10,42949673036,0
15,10,42949673037,0
15,10,42949673038,0
15,10,42949673039,0
15,10,42949673040,0
15,10,42949673041,0
15,10,42949673042,0
15,10,42949673043,0
15,10,42949673044,0
15,10,42949673045,0
15,10,42949673046,0
15,10,42949673047,0
15,10,42949673048,0
15,10,42949673049,0
15,10,42949673050,0
15,10,42949673051,0
15,10,42949673052,0
15,10,42949673053,0
15,10,42949673054,0
15,10,42949673055,0
15,10,42949673056,0
15,10,42949673057,0
15,10,42949673058,0
15,10,42949673059,0
15,10,42949673060,0
15,10,42949673061,0
15,10,42949673062,0
15,10,42949673063,0
15,10,42949673064,0
15,10,42949673065,0
15,10,42949673066,0
15,10,42949673067,0
15,10,42949673068,0
15,10,42949673069,0
15,10,42949673070,0
15,10,42949673071,0
15,10,42949673072,0
15,10,42949673073,0
15,10,42949673074,0
15,10,42949673075,0
15,10,42949673076,0
