0,19,81604378624,6
0,19,81604378625,57
0,19,81604378626,246
0,19,81604378627,1
0,19,81604378628,0
0,19,81604378629,1
0,19,81604378630,0
0,19,81604378631,1
0,19,81604378632,0
0,19,81604378633,1
0,19,81604378634,0
0,19,81604378635,0
0,19,81604378636,1
0,19,81604378637,1
0,19,81604378638,0
0,19,81604378639,1
0,19,81604378640,0
1,19,81604378624,3362
1,19,81604378625,3391
1,19,81604378626,2502
1,19,81604378627,3307
1,19,81604378628,3082
1,19,81604378629,3040
1,19,81604378630,2747
1,19,81604378631,2647
1,19,81604378632,2244
1,19,81604378633,4073
1,19,81604378634,4314
1,19,81604378635,4696
1,19,81604378636,2646
1,19,81604378637,2445
1,19,81604378638,2177
1,19,81604378639,2009
1,19,81604378640,2245
2,19,81604378624,1
2,19,81604378625,0
2,19,81604378626,774355
2,19,81604378627,0
2,19,81604378628,0
2,19,81604378629,0
2,19,81604378630,0
2,19,81604378631,0
2,19,81604378632,0
2,19,81604378633,0
2,19,81604378634,0
2,19,81604378635,0
2,19,81604378636,0
2,19,81604378637,0
2,19,81604378638,0
2,19,81604378639,0
2,19,81604378640,0
3,19,81604378624,2
3,19,81604378625,581
3,19,81604378626,567983
3,19,81604378627,0
3,19,81604378628,2
3,19,81604378629,0
3,19,81604378630,0
3,19,81604378631,0
3,19,81604378632,0
3,19,81604378633,0
3,19,81604378634,0
3,19,81604378635,0
3,19,81604378636,1
3,19,81604378637,0
3,19,81604378638,0
3,19,81604378639,0
3,19,81604378640,0
4,19,81604378624,0
4,19,81604378625,209
4,19,81604378626,4990
4,19,81604378627,0
4,19,81604378628,0
4,19,81604378629,0
4,19,81604378630,0
4,19,81604378631,0
4,19,81604378632,0
4,19,81604378633,0
4,19,81604378634,0
4,19,81604378635,0
4,19,81604378636,1
4,19,81604378637,5
4,19,81604378638,0
4,19,81604378639,0
4,19,81604378640,0
5,19,81604378624,0
5,19,81604378625,6
5,19,81604378626,125
5,19,81604378627,0
5,19,81604378628,0
5,19,81604378629,0
5,19,81604378630,0
5,19,81604378631,0
5,19,81604378632,0
5,19,81604378633,0
5,19,81604378634,0
5,19,81604378635,0
5,19,81604378636,0
5,19,81604378637,1
5,19,81604378638,0
5,19,81604378639,0
5,19,81604378640,0
6,19,81604378624,0
6,19,81604378625,0
6,19,81604378626,0
6,19,81604378627,0
6,19,81604378628,0
6,19,81604378629,0
6,19,81604378630,0
6,19,81604378631,0
6,19,81604378632,0
6,19,81604378633,0
6,19,81604378634,0
6,19,81604378635,0
6,19,81604378636,0
6,19,81604378637,0
6,19,81604378638,0
6,19,81604378639,0
6,19,81604378640,0
7,19,81604378624,0
7,19,81604378625,0
7,19,81604378626,0
7,19,81604378627,0
7,19,81604378628,0
7,19,81604378629,0
7,19,81604378630,0
7,19,81604378631,0
7,19,81604378632,0
7,19,81604378633,0
7,19,81604378634,0
7,19,81604378635,0
7,19,81604378636,0
7,19,81604378637,0
7,19,81604378638,0
7,19,81604378639,0
7,19,81604378640,0
8,19,81604378624,0
8,19,81604378625,0
8,19,81604378626,0
8,19,81604378627,0
8,19,81604378628,0
8,19,81604378629,0
8,19,81604378630,0
8,19,81604378631,0
8,19,81604378632,0
8,19,81604378633,0
8,19,81604378634,0
8,19,81604378635,0
8,19,81604378636,0
8,19,81604378637,0
8,19,81604378638,0
8,19,81604378639,0
8,19,81604378640,0
9,19,81604378624,0
9,19,81604378625,1
9,19,81604378626,0
9,19,81604378627,0
9,19,81604378628,0
9,19,81604378629,0
9,19,81604378630,0
9,19,81604378631,0
9,19,81604378632,0
9,19,81604378633,0
9,19,81604378634,0
9,19,81604378635,0
9,19,81604378636,0
9,19,81604378637,0
9,19,81604378638,0
9,19,81604378639,0
9,19,81604378640,1
10,19,81604378624,0
10,19,81604378625,0
10,19,81604378626,0
10,19,81604378627,0
10,19,81604378628,0
10,19,81604378629,0
10,19,81604378630,0
10,19,81604378631,0
10,19,81604378632,0
10,19,81604378633,0
10,19,81604378634,0
10,19,81604378635,0
10,19,81604378636,0
10,19,81604378637,0
10,19,81604378638,0
10,19,81604378639,0
10,19,81604378640,0
11,19,81604378624,0
11,19,81604378625,0
11,19,81604378626,0
11,19,81604378627,0
11,19,81604378628,0
11,19,81604378629,0
11,19,81604378630,0
11,19,81604378631,0
11,19,81604378632,0
11,19,81604378633,0
11,19,81604378634,0
11,19,81604378635,0
11,19,81604378636,0
11,19,81604378637,0
11,19,81604378638,0
11,19,81604378639,0
11,19,81604378640,0
12,19,81604378624,1
12,19,81604378625,258
12,19,81604378626,2875
12,19,81604378627,0
12,19,81604378628,1
12,19,81604378629,0
12,19,81604378630,0
12,19,81604378631,0
12,19,81604378632,0
12,19,81604378633,1
12,19,81604378634,0
12,19,81604378635,0
12,19,81604378636,0
12,19,81604378637,0
12,19,81604378638,1
12,19,81604378639,0
12,19,81604378640,0
13,19,81604378624,1
13,19,81604378625,17
13,19,81604378626,101
13,19,81604378627,1
13,19,81604378628,0
13,19,81604378629,1
13,19,81604378630,0
13,19,81604378631,0
13,19,81604378632,1
13,19,81604378633,0
13,19,81604378634,0
13,19,81604378635,0
13,19,81604378636,1
13,19,81604378637,0
13,19,81604378638,1
13,19,81604378639,0
13,19,81604378640,0
14,19,81604378624,690
14,19,81604378625,1709
14,19,81604378626,5658
14,19,81604378627,233
14,19,81604378628,310
14,19,81604378629,167
14,19,81604378630,96
14,19,81604378631,112
14,19,81604378632,99
14,19,81604378633,146
14,19,81604378634,4094
14,19,81604378635,2003
14,19,81604378636,229
14,19,81604378637,103
14,19,81604378638,99
14,19,81604378639,94
14,19,81604378640,205
15,19,81604378624,0
15,19,81604378625,0
15,19,81604378626,0
15,19,81604378627,0
15,19,81604378628,0
15,19,81604378629,0
15,19,81604378630,0
15,19,81604378631,0
15,19,81604378632,0
15,19,81604378633,0
15,19,81604378634,0
15,19,81604378635,0
15,19,81604378636,0
15,19,81604378637,0
15,19,81604378638,0
15,19,81604378639,0
15,19,81604378640,0
