0,30,128849018880,3
0,30,128849018881,0
0,30,128849018882,0
0,30,128849018883,1
0,30,128849018884,0
0,30,128849018885,1
0,30,128849018886,22
0,30,128849018887,1
0,30,128849018888,0
0,30,128849018889,0
0,30,128849018890,17
0,30,128849018891,1
0,30,128849018892,1
0,30,128849018893,0
0,30,128849018894,3
0,30,128849018895,1
0,30,128849018896,0
0,30,128849018897,0
0,30,128849018898,12
0,30,128849018899,0
0,30,128849018900,9
0,30,128849018901,0
0,30,128849018902,1
0,30,128849018903,0
0,30,128849018904,0
0,30,128849018905,0
0,30,128849018906,1
0,30,128849018907,0
0,30,128849018908,271
0,30,128849018909,0
0,30,128849018910,1
1,30,128849018880,3283
1,30,128849018881,3524
1,30,128849018882,3231
1,30,128849018883,2921
1,30,128849018884,3584
1,30,128849018885,3383
1,30,128849018886,2754
1,30,128849018887,2763
1,30,128849018888,4657
1,30,128849018889,4363
1,30,128849018890,2110
1,30,128849018891,4729
1,30,128849018892,2101
1,30,128849018893,2545
1,30,128849018894,2118
1,30,128849018895,2235
1,30,128849018896,2428
1,30,128849018897,2043
1,30,128849018898,2387
1,30,128849018899,4452
1,30,128849018900,2326
1,30,128849018901,1641
1,30,128849018902,2300
1,30,128849018903,668
1,30,128849018904,2628
1,30,128849018905,1782
1,30,128849018906,2381
1,30,128849018907,1456
1,30,128849018908,1204
1,30,128849018909,1013
1,30,128849018910,1230
2,30,128849018880,1
2,30,128849018881,0
2,30,128849018882,0
2,30,128849018883,0
2,30,128849018884,0
2,30,128849018885,0
2,30,128849018886,0
2,30,128849018887,0
2,30,128849018888,0
2,30,128849018889,0
2,30,128849018890,0
2,30,128849018891,0
2,30,128849018892,0
2,30,128849018893,0
2,30,128849018894,0
2,30,128849018895,0
2,30,128849018896,0
2,30,128849018897,0
2,30,128849018898,0
2,30,128849018899,0
2,30,128849018900,0
2,30,128849018901,0
2,30,128849018902,0
2,30,128849018903,0
2,30,128849018904,0
2,30,128849018905,0
2,30,128849018906,0
2,30,128849018907,0
2,30,128849018908,0
2,30,128849018909,0
2,30,128849018910,0
3,30,128849018880,0
3,30,128849018881,0
3,30,128849018882,3
3,30,128849018883,0
3,30,128849018884,0
3,30,128849018885,12
3,30,128849018886,0
3,30,128849018887,0
3,30,128849018888,0
3,30,128849018889,0
3,30,128849018890,115
3,30,128849018891,0
3,30,128849018892,0
3,30,128849018893,0
3,30,128849018894,0
3,30,128849018895,2
3,30,128849018896,0
3,30,128849018897,0
3,30,128849018898,405
3,30,128849018899,0
3,30,128849018900,106
3,30,128849018901,0
3,30,128849018902,1
3,30,128849018903,0
3,30,128849018904,0
3,30,128849018905,0
3,30,128849018906,0
3,30,128849018907,0
3,30,128849018908,1739045
3,30,128849018909,0
3,30,128849018910,0
4,30,128849018880,4
4,30,128849018881,0
4,30,128849018882,0
4,30,128849018883,1
4,30,128849018884,1
4,30,128849018885,2
4,30,128849018886,66
4,30,128849018887,0
4,30,128849018888,0
4,30,128849018889,1
4,30,128849018890,0
4,30,128849018891,0
4,30,128849018892,1
4,30,128849018893,0
4,30,128849018894,11
4,30,128849018895,0
4,30,128849018896,0
4,30,128849018897,0
4,30,128849018898,2
4,30,128849018899,0
4,30,128849018900,105
4,30,128849018901,2
4,30,128849018902,0
4,30,128849018903,0
4,30,128849018904,0
4,30,128849018905,1
4,30,128849018906,0
4,30,128849018907,1
4,30,128849018908,154581
4,30,128849018909,0
4,30,128849018910,0
5,30,128849018880,1
5,30,128849018881,0
5,30,128849018882,0
5,30,128849018883,0
5,30,128849018884,0
5,30,128849018885,1
5,30,128849018886,71
5,30,128849018887,0
5,30,128849018888,0
5,30,128849018889,0
5,30,128849018890,0
5,30,128849018891,0
5,30,128849018892,0
5,30,128849018893,0
5,30,128849018894,0
5,30,128849018895,0
5,30,128849018896,0
5,30,128849018897,0
5,30,128849018898,0
5,30,128849018899,0
5,30,128849018900,1
5,30,128849018901,3
5,30,128849018902,0
5,30,128849018903,0
5,30,128849018904,0
5,30,128849018905,0
5,30,128849018906,0
5,30,128849018907,0
5,30,128849018908,1961
5,30,128849018909,0
5,30,128849018910,0
6,30,128849018880,0
6,30,128849018881,0
6,30,128849018882,0
6,30,128849018883,0
6,30,128849018884,0
6,30,128849018885,0
6,30,128849018886,0
6,30,128849018887,0
6,30,128849018888,0
6,30,128849018889,0
6,30,128849018890,0
6,30,128849018891,0
6,30,128849018892,0
6,30,128849018893,0
6,30,128849018894,0
6,30,128849018895,0
6,30,128849018896,0
6,30,128849018897,0
6,30,128849018898,0
6,30,128849018899,0
6,30,128849018900,0
6,30,128849018901,5
6,30,128849018902,0
6,30,128849018903,0
6,30,128849018904,0
6,30,128849018905,0
6,30,128849018906,0
6,30,128849018907,0
6,30,128849018908,56
6,30,128849018909,0
6,30,128849018910,0
7,30,128849018880,0
7,30,128849018881,0
7,30,128849018882,0
7,30,128849018883,0
7,30,128849018884,0
7,30,128849018885,0
7,30,128849018886,0
7,30,128849018887,0
7,30,128849018888,0
7,30,128849018889,0
7,30,128849018890,0
7,30,128849018891,0
7,30,128849018892,0
7,30,128849018893,0
7,30,128849018894,0
7,30,128849018895,0
7,30,128849018896,0
7,30,128849018897,0
7,30,128849018898,0
7,30,128849018899,0
7,30,128849018900,0
7,30,128849018901,0
7,30,128849018902,0
7,30,128849018903,0
7,30,128849018904,0
7,30,128849018905,0
7,30,128849018906,0
7,30,128849018907,2
7,30,128849018908,2
7,30,128849018909,0
7,30,128849018910,0
8,30,128849018880,0
8,30,128849018881,0
8,30,128849018882,0
8,30,128849018883,0
8,30,128849018884,1
8,30,128849018885,0
8,30,128849018886,0
8,30,128849018887,0
8,30,128849018888,0
8,30,128849018889,0
8,30,128849018890,0
8,30,128849018891,0
8,30,128849018892,0
8,30,128849018893,0
8,30,128849018894,0
8,30,128849018895,0
8,30,128849018896,0
8,30,128849018897,0
8,30,128849018898,0
8,30,128849018899,0
8,30,128849018900,0
8,30,128849018901,0
8,30,128849018902,0
8,30,128849018903,0
8,30,128849018904,0
8,30,128849018905,0
8,30,128849018906,0
8,30,128849018907,0
8,30,128849018908,0
8,30,128849018909,0
8,30,128849018910,0
9,30,128849018880,0
9,30,128849018881,0
9,30,128849018882,0
9,30,128849018883,0
9,30,128849018884,0
9,30,128849018885,0
9,30,128849018886,0
9,30,128849018887,0
9,30,128849018888,0
9,30,128849018889,0
9,30,128849018890,0
9,30,128849018891,0
9,30,128849018892,0
9,30,128849018893,0
9,30,128849018894,0
9,30,128849018895,0
9,30,128849018896,0
9,30,128849018897,0
9,30,128849018898,0
9,30,128849018899,0
9,30,128849018900,0
9,30,128849018901,0
9,30,128849018902,0
9,30,128849018903,0
9,30,128849018904,0
9,30,128849018905,1
9,30,128849018906,0
9,30,128849018907,0
9,30,128849018908,0
9,30,128849018909,0
9,30,128849018910,0
10,30,128849018880,0
10,30,128849018881,0
10,30,128849018882,1
10,30,128849018883,0
10,30,128849018884,0
10,30,128849018885,0
10,30,128849018886,0
10,30,128849018887,0
10,30,128849018888,0
10,30,128849018889,0
10,30,128849018890,0
10,30,128849018891,0
10,30,128849018892,0
10,30,128849018893,0
10,30,128849018894,0
10,30,128849018895,0
10,30,128849018896,0
10,30,128849018897,0
10,30,128849018898,0
10,30,128849018899,0
10,30,128849018900,0
10,30,128849018901,0
10,30,128849018902,0
10,30,128849018903,0
10,30,128849018904,0
10,30,128849018905,0
10,30,128849018906,0
10,30,128849018907,0
10,30,128849018908,0
10,30,128849018909,0
10,30,128849018910,0
11,30,128849018880,0
11,30,128849018881,0
11,30,128849018882,0
11,30,128849018883,0
11,30,128849018884,0
11,30,128849018885,0
11,30,128849018886,0
11,30,128849018887,0
11,30,128849018888,0
11,30,128849018889,0
11,30,128849018890,0
11,30,128849018891,0
11,30,128849018892,0
11,30,128849018893,0
11,30,128849018894,0
11,30,128849018895,0
11,30,128849018896,0
11,30,128849018897,0
11,30,128849018898,0
11,30,128849018899,0
11,30,128849018900,0
11,30,128849018901,0
11,30,128849018902,0
11,30,128849018903,0
11,30,128849018904,0
11,30,128849018905,0
11,30,128849018906,0
11,30,128849018907,0
11,30,128849018908,0
11,30,128849018909,0
11,30,128849018910,0
12,30,128849018880,3
12,30,128849018881,0
12,30,128849018882,1
12,30,128849018883,0
12,30,128849018884,1
12,30,128849018885,1
12,30,128849018886,61
12,30,128849018887,0
12,30,128849018888,0
12,30,128849018889,1
12,30,128849018890,15
12,30,128849018891,0
12,30,128849018892,1
12,30,128849018893,0
12,30,128849018894,6
12,30,128849018895,1
12,30,128849018896,0
12,30,128849018897,0
12,30,128849018898,41
12,30,128849018899,0
12,30,128849018900,9
12,30,128849018901,0
12,30,128849018902,0
12,30,128849018903,0
12,30,128849018904,0
12,30,128849018905,1
12,30,128849018906,0
12,30,128849018907,0
12,30,128849018908,2982
12,30,128849018909,0
12,30,128849018910,0
13,30,128849018880,0
13,30,128849018881,1
13,30,128849018882,0
13,30,128849018883,1
13,30,128849018884,0
13,30,128849018885,1
13,30,128849018886,1
13,30,128849018887,0
13,30,128849018888,0
13,30,128849018889,0
13,30,128849018890,2
13,30,128849018891,0
13,30,128849018892,1
13,30,128849018893,0
13,30,128849018894,1
13,30,128849018895,0
13,30,128849018896,1
13,30,128849018897,0
13,30,128849018898,5
13,30,128849018899,0
13,30,128849018900,1
13,30,128849018901,0
13,30,128849018902,0
13,30,128849018903,1
13,30,128849018904,0
13,30,128849018905,0
13,30,128849018906,0
13,30,128849018907,0
13,30,128849018908,174
13,30,128849018909,0
13,30,128849018910,0
14,30,128849018880,1063
14,30,128849018881,467
14,30,128849018882,428
14,30,128849018883,307
14,30,128849018884,804
14,30,128849018885,323
14,30,128849018886,583
14,30,128849018887,237
14,30,128849018888,187
14,30,128849018889,388
14,30,128849018890,353
14,30,128849018891,184
14,30,128849018892,334
14,30,128849018893,206
14,30,128849018894,214
14,30,128849018895,137
14,30,128849018896,165
14,30,128849018897,103
14,30,128849018898,275
14,30,128849018899,90
14,30,128849018900,276
14,30,128849018901,423
14,30,128849018902,261
14,30,128849018903,173
14,30,128849018904,94
14,30,128849018905,99
14,30,128849018906,112
14,30,128849018907,435
14,30,128849018908,9382
14,30,128849018909,331
14,30,128849018910,83
15,30,128849018880,0
15,30,128849018881,0
15,30,128849018882,0
15,30,128849018883,0
15,30,128849018884,0
15,30,128849018885,0
15,30,128849018886,0
15,30,128849018887,0
15,30,128849018888,0
15,30,128849018889,0
15,30,128849018890,0
15,30,128849018891,0
15,30,128849018892,0
15,30,128849018893,0
15,30,128849018894,0
15,30,128849018895,0
15,30,128849018896,0
15,30,128849018897,0
15,30,128849018898,0
15,30,128849018899,0
15,30,128849018900,0
15,30,128849018901,0
15,30,128849018902,0
15,30,128849018903,0
15,30,128849018904,0
15,30,128849018905,0
15,30,128849018906,0
15,30,128849018907,0
15,30,128849018908,0
15,30,128849018909,0
15,30,128849018910,0
