0,13,55834574848,1
0,13,55834574849,1
0,13,55834574850,2
0,13,55834574851,0
0,13,55834574852,1
0,13,55834574853,367
0,13,55834574854,1
0,13,55834574855,0
1,13,55834574848,2802
1,13,55834574849,3784
1,13,55834574850,3072
1,13,55834574851,6497
1,13,55834574852,15341
1,13,55834574853,36724
1,13,55834574854,2174
1,13,55834574855,2141
2,13,55834574848,0
2,13,55834574849,0
2,13,55834574850,0
2,13,55834574851,0
2,13,55834574852,0
2,13,55834574853,0
2,13,55834574854,0
2,13,55834574855,0
3,13,55834574848,0
3,13,55834574849,0
3,13,55834574850,0
3,13,55834574851,0
3,13,55834574852,0
3,13,55834574853,1229063
3,13,55834574854,0
3,13,55834574855,0
4,13,55834574848,0
4,13,55834574849,0
4,13,55834574850,1
4,13,55834574851,0
4,13,55834574852,0
4,13,55834574853,876197
4,13,55834574854,0
4,13,55834574855,0
5,13,55834574848,1
5,13,55834574849,0
5,13,55834574850,0
5,13,55834574851,0
5,13,55834574852,0
5,13,55834574853,395
5,13,55834574854,0
5,13,55834574855,0
6,13,55834574848,0
6,13,55834574849,0
6,13,55834574850,1
6,13,55834574851,0
6,13,55834574852,0
6,13,55834574853,4
6,13,55834574854,0
6,13,55834574855,0
7,13,55834574848,0
7,13,55834574849,0
7,13,55834574850,0
7,13,55834574851,0
7,13,55834574852,0
7,13,55834574853,33
7,13,55834574854,0
7,13,55834574855,0
8,13,55834574848,0
8,13,55834574849,0
8,13,55834574850,0
8,13,55834574851,0
8,13,55834574852,0
8,13,55834574853,0
8,13,55834574854,0
8,13,55834574855,0
9,13,55834574848,0
9,13,55834574849,0
9,13,55834574850,1
9,13,55834574851,0
9,13,55834574852,0
9,13,55834574853,0
9,13,55834574854,0
9,13,55834574855,0
10,13,55834574848,0
10,13,55834574849,0
10,13,55834574850,0
10,13,55834574851,0
10,13,55834574852,0
10,13,55834574853,0
10,13,55834574854,0
10,13,55834574855,0
11,13,55834574848,0
11,13,55834574849,0
11,13,55834574850,0
11,13,55834574851,0
11,13,55834574852,0
11,13,55834574853,0
11,13,55834574854,0
11,13,55834574855,0
12,13,55834574848,1
12,13,55834574849,0
12,13,55834574850,2
12,13,55834574851,0
12,13,55834574852,0
12,13,55834574853,3158
12,13,55834574854,0
12,13,55834574855,0
13,13,55834574848,1
13,13,55834574849,0
13,13,55834574850,0
13,13,55834574851,1
13,13,55834574852,0
13,13,55834574853,135
13,13,55834574854,1
13,13,55834574855,0
14,13,55834574848,3516
14,13,55834574849,305
14,13,55834574850,343
14,13,55834574851,241
14,13,55834574852,388
14,13,55834574853,5409
14,13,55834574854,300
14,13,55834574855,236
15,13,55834574848,0
15,13,55834574849,0
15,13,55834574850,0
15,13,55834574851,0
15,13,55834574852,0
15,13,55834574853,0
15,13,55834574854,0
15,13,55834574855,0
