0,0,0,3
0,0,1,1
0,0,2,2
0,0,3,346
0,0,4,2
0,0,5,1
0,0,6,1
0,0,7,0
0,0,8,1
0,0,9,2
0,0,10,1
0,0,11,0
0,0,12,1
0,0,13,0
0,0,14,1
0,0,15,0
0,0,16,2
0,0,17,0
0,0,18,1
0,0,19,1
0,0,20,0
0,0,21,0
0,0,22,0
0,0,23,1
0,0,24,0
0,0,25,1
0,0,26,0
0,0,27,1
0,0,28,1
0,0,29,0
0,0,30,1
1,0,0,630
1,0,1,62
1,0,2,3819
1,0,3,7601
1,0,4,11486
1,0,5,16
1,0,6,16
1,0,7,17
1,0,8,15
1,0,9,15
1,0,10,16
1,0,11,24784
1,0,12,12
1,0,13,9
1,0,14,10
1,0,15,10
1,0,16,9
1,0,17,10
1,0,18,10
1,0,19,10
1,0,20,9
1,0,21,10
1,0,22,10
1,0,23,11
1,0,24,10
1,0,25,9
1,0,26,9
1,0,27,10
1,0,28,10
1,0,29,9
1,0,30,9
2,0,0,5
2,0,1,0
2,0,2,0
2,0,3,0
2,0,4,0
2,0,5,0
2,0,6,0
2,0,7,0
2,0,8,0
2,0,9,0
2,0,10,0
2,0,11,0
2,0,12,0
2,0,13,0
2,0,14,0
2,0,15,0
2,0,16,0
2,0,17,0
2,0,18,0
2,0,19,0
2,0,20,0
2,0,21,0
2,0,22,0
2,0,23,0
2,0,24,0
2,0,25,0
2,0,26,0
2,0,27,0
2,0,28,0
2,0,29,0
2,0,30,0
3,0,0,5
3,0,1,0
3,0,2,0
3,0,3,2159207
3,0,4,13
3,0,5,0
3,0,6,0
3,0,7,0
3,0,8,0
3,0,9,0
3,0,10,0
3,0,11,0
3,0,12,1
3,0,13,0
3,0,14,0
3,0,15,0
3,0,16,0
3,0,17,0
3,0,18,0
3,0,19,0
3,0,20,0
3,0,21,0
3,0,22,0
3,0,23,0
3,0,24,0
3,0,25,0
3,0,26,0
3,0,27,0
3,0,28,0
3,0,29,0
3,0,30,0
4,0,0,6
4,0,1,0
4,0,2,0
4,0,3,65825
4,0,4,12
4,0,5,0
4,0,6,0
4,0,7,0
4,0,8,0
4,0,9,6
4,0,10,0
4,0,11,0
4,0,12,0
4,0,13,0
4,0,14,0
4,0,15,1
4,0,16,3
4,0,17,0
4,0,18,0
4,0,19,0
4,0,20,0
4,0,21,0
4,0,22,0
4,0,23,0
4,0,24,1
4,0,25,0
4,0,26,0
4,0,27,0
4,0,28,0
4,0,29,0
4,0,30,0
5,0,0,4
5,0,1,0
5,0,2,0
5,0,3,675
5,0,4,1
5,0,5,0
5,0,6,0
5,0,7,0
5,0,8,0
5,0,9,6
5,0,10,0
5,0,11,0
5,0,12,0
5,0,13,0
5,0,14,0
5,0,15,0
5,0,16,0
5,0,17,0
5,0,18,0
5,0,19,0
5,0,20,0
5,0,21,0
5,0,22,0
5,0,23,0
5,0,24,0
5,0,25,0
5,0,26,0
5,0,27,0
5,0,28,0
5,0,29,0
5,0,30,0
6,0,0,1
6,0,1,0
6,0,2,0
6,0,3,96
6,0,4,0
6,0,5,0
6,0,6,0
6,0,7,0
6,0,8,0
6,0,9,0
6,0,10,0
6,0,11,0
6,0,12,0
6,0,13,0
6,0,14,0
6,0,15,0
6,0,16,1
6,0,17,0
6,0,18,0
6,0,19,0
6,0,20,0
6,0,21,0
6,0,22,0
6,0,23,0
6,0,24,0
6,0,25,0
6,0,26,0
6,0,27,0
6,0,28,0
6,0,29,0
6,0,30,0
7,0,0,2
7,0,1,0
7,0,2,0
7,0,3,0
7,0,4,0
7,0,5,1
7,0,6,0
7,0,7,0
7,0,8,0
7,0,9,0
7,0,10,0
7,0,11,0
7,0,12,0
7,0,13,0
7,0,14,0
7,0,15,0
7,0,16,0
7,0,17,0
7,0,18,0
7,0,19,1
7,0,20,0
7,0,21,0
7,0,22,0
7,0,23,0
7,0,24,0
7,0,25,0
7,0,26,0
7,0,27,0
7,0,28,0
7,0,29,0
7,0,30,0
8,0,0,1
8,0,1,0
8,0,2,0
8,0,3,0
8,0,4,0
8,0,5,0
8,0,6,0
8,0,7,0
8,0,8,0
8,0,9,0
8,0,10,0
8,0,11,0
8,0,12,0
8,0,13,0
8,0,14,0
8,0,15,0
8,0,16,0
8,0,17,0
8,0,18,0
8,0,19,0
8,0,20,0
8,0,21,0
8,0,22,0
8,0,23,1
8,0,24,0
8,0,25,0
8,0,26,0
8,0,27,0
8,0,28,0
8,0,29,0
8,0,30,0
9,0,0,1
9,0,1,0
9,0,2,0
9,0,3,0
9,0,4,0
9,0,5,1
9,0,6,0
9,0,7,0
9,0,8,0
9,0,9,0
9,0,10,0
9,0,11,0
9,0,12,0
9,0,13,0
9,0,14,0
9,0,15,0
9,0,16,0
9,0,17,0
9,0,18,0
9,0,19,0
9,0,20,0
9,0,21,0
9,0,22,0
9,0,23,0
9,0,24,0
9,0,25,0
9,0,26,0
9,0,27,0
9,0,28,0
9,0,29,0
9,0,30,0
10,0,0,3
10,0,1,0
10,0,2,0
10,0,3,0
10,0,4,0
10,0,5,0
10,0,6,0
10,0,7,0
10,0,8,0
10,0,9,0
10,0,10,0
10,0,11,0
10,0,12,0
10,0,13,0
10,0,14,0
10,0,15,0
10,0,16,0
10,0,17,0
10,0,18,0
10,0,19,0
10,0,20,0
10,0,21,0
10,0,22,0
10,0,23,0
10,0,24,0
10,0,25,0
10,0,26,0
10,0,27,0
10,0,28,0
10,0,29,0
10,0,30,0
11,0,0,1
11,0,1,0
11,0,2,0
11,0,3,0
11,0,4,0
11,0,5,0
11,0,6,0
11,0,7,0
11,0,8,0
11,0,9,0
11,0,10,0
11,0,11,0
11,0,12,0
11,0,13,0
11,0,14,0
11,0,15,0
11,0,16,0
11,0,17,0
11,0,18,0
11,0,19,0
11,0,20,0
11,0,21,0
11,0,22,0
11,0,23,0
11,0,24,0
11,0,25,0
11,0,26,0
11,0,27,0
11,0,28,0
11,0,29,0
11,0,30,0
12,0,0,0
12,0,1,0
12,0,2,1
12,0,3,4071
12,0,4,29
12,0,5,0
12,0,6,0
12,0,7,0
12,0,8,0
12,0,9,9
12,0,10,0
12,0,11,0
12,0,12,0
12,0,13,0
12,0,14,8
12,0,15,0
12,0,16,8
12,0,17,0
12,0,18,0
12,0,19,0
12,0,20,0
12,0,21,0
12,0,22,0
12,0,23,0
12,0,24,1
12,0,25,0
12,0,26,0
12,0,27,1
12,0,28,1
12,0,29,0
12,0,30,0
13,0,0,1
13,0,1,1
13,0,2,1
13,0,3,139
13,0,4,1
13,0,5,0
13,0,6,1
13,0,7,0
13,0,8,1
13,0,9,0
13,0,10,1
13,0,11,0
13,0,12,1
13,0,13,0
13,0,14,0
13,0,15,1
13,0,16,0
13,0,17,1
13,0,18,0
13,0,19,0
13,0,20,1
13,0,21,0
13,0,22,1
13,0,23,0
13,0,24,0
13,0,25,1
13,0,26,0
13,0,27,0
13,0,28,1
13,0,29,0
13,0,30,1
14,0,0,1374
14,0,1,392
14,0,2,300
14,0,3,5164
14,0,4,375
14,0,5,87
14,0,6,135
14,0,7,94
14,0,8,191
14,0,9,355
14,0,10,100
14,0,11,110
14,0,12,306
14,0,13,94
14,0,14,111
14,0,15,187
14,0,16,146
14,0,17,176
14,0,18,97
14,0,19,319
14,0,20,461
14,0,21,208
14,0,22,179
14,0,23,243
14,0,24,100
14,0,25,198
14,0,26,96
14,0,27,139
14,0,28,264
14,0,29,283
14,0,30,314
