0,16,68719476736,10959
0,16,68719476737,1
0,16,68719476738,4
0,16,68719476739,0
0,16,68719476740,1
0,16,68719476741,1
0,16,68719476742,4
0,16,68719476743,1
0,16,68719476744,1
0,16,68719476745,0
0,16,68719476746,1
0,16,68719476747,1
0,16,68719476748,0
1,16,68719476736,3339
1,16,68719476737,3774
1,16,68719476738,3274
1,16,68719476739,2443
1,16,68719476740,3475
1,16,68719476741,3123
1,16,68719476742,2730
1,16,68719476743,2687
1,16,68719476744,3120
1,16,68719476745,3053
1,16,68719476746,3919
1,16,68719476747,4554
1,16,68719476748,2780
2,16,68719476736,564405
2,16,68719476737,0
2,16,68719476738,0
2,16,68719476739,0
2,16,68719476740,0
2,16,68719476741,0
2,16,68719476742,0
2,16,68719476743,0
2,16,68719476744,0
2,16,68719476745,1
2,16,68719476746,0
2,16,68719476747,0
2,16,68719476748,0
3,16,68719476736,83884
3,16,68719476737,5
3,16,68719476738,0
3,16,68719476739,0
3,16,68719476740,0
3,16,68719476741,0
3,16,68719476742,0
3,16,68719476743,0
3,16,68719476744,0
3,16,68719476745,0
3,16,68719476746,0
3,16,68719476747,0
3,16,68719476748,0
4,16,68719476736,1604
4,16,68719476737,6
4,16,68719476738,22
4,16,68719476739,0
4,16,68719476740,1
4,16,68719476741,1
4,16,68719476742,57
4,16,68719476743,0
4,16,68719476744,0
4,16,68719476745,0
4,16,68719476746,1
4,16,68719476747,0
4,16,68719476748,0
5,16,68719476736,505
5,16,68719476737,0
5,16,68719476738,0
5,16,68719476739,0
5,16,68719476740,2
5,16,68719476741,0
5,16,68719476742,55
5,16,68719476743,0
5,16,68719476744,0
5,16,68719476745,0
5,16,68719476746,1
5,16,68719476747,0
5,16,68719476748,0
6,16,68719476736,1
6,16,68719476737,0
6,16,68719476738,0
6,16,68719476739,0
6,16,68719476740,0
6,16,68719476741,0
6,16,68719476742,0
6,16,68719476743,0
6,16,68719476744,0
6,16,68719476745,0
6,16,68719476746,0
6,16,68719476747,0
6,16,68719476748,1
7,16,68719476736,1
7,16,68719476737,0
7,16,68719476738,0
7,16,68719476739,0
7,16,68719476740,0
7,16,68719476741,0
7,16,68719476742,0
7,16,68719476743,0
7,16,68719476744,0
7,16,68719476745,1
7,16,68719476746,0
7,16,68719476747,0
7,16,68719476748,0
8,16,68719476736,0
8,16,68719476737,0
8,16,68719476738,0
8,16,68719476739,0
8,16,68719476740,0
8,16,68719476741,0
8,16,68719476742,0
8,16,68719476743,0
8,16,68719476744,0
8,16,68719476745,0
8,16,68719476746,0
8,16,68719476747,0
8,16,68719476748,0
9,16,68719476736,0
9,16,68719476737,0
9,16,68719476738,0
9,16,68719476739,0
9,16,68719476740,0
9,16,68719476741,0
9,16,68719476742,0
9,16,68719476743,0
9,16,68719476744,0
9,16,68719476745,0
9,16,68719476746,0
9,16,68719476747,0
9,16,68719476748,0
10,16,68719476736,0
10,16,68719476737,0
10,16,68719476738,0
10,16,68719476739,0
10,16,68719476740,0
10,16,68719476741,0
10,16,68719476742,0
10,16,68719476743,0
10,16,68719476744,0
10,16,68719476745,0
10,16,68719476746,0
10,16,68719476747,0
10,16,68719476748,0
11,16,68719476736,0
11,16,68719476737,0
11,16,68719476738,0
11,16,68719476739,0
11,16,68719476740,0
11,16,68719476741,0
11,16,68719476742,0
11,16,68719476743,0
11,16,68719476744,0
11,16,68719476745,0
11,16,68719476746,0
11,16,68719476747,0
11,16,68719476748,0
12,16,68719476736,2220
12,16,68719476737,35
12,16,68719476738,71
12,16,68719476739,0
12,16,68719476740,1
12,16,68719476741,0
12,16,68719476742,20
12,16,68719476743,0
12,16,68719476744,0
12,16,68719476745,0
12,16,68719476746,1
12,16,68719476747,0
12,16,68719476748,0
13,16,68719476736,106
13,16,68719476737,1
13,16,68719476738,1
13,16,68719476739,0
13,16,68719476740,1
13,16,68719476741,0
13,16,68719476742,1
13,16,68719476743,0
13,16,68719476744,1
13,16,68719476745,0
13,16,68719476746,1
13,16,68719476747,0
13,16,68719476748,0
14,16,68719476736,7565
14,16,68719476737,2972
14,16,68719476738,2343
14,16,68719476739,340
14,16,68719476740,193
14,16,68719476741,185
14,16,68719476742,281
14,16,68719476743,195
14,16,68719476744,447
14,16,68719476745,286
14,16,68719476746,96
14,16,68719476747,107
14,16,68719476748,80
15,16,68719476736,0
15,16,68719476737,0
15,16,68719476738,0
15,16,68719476739,0
15,16,68719476740,0
15,16,68719476741,0
15,16,68719476742,0
15,16,68719476743,0
15,16,68719476744,0
15,16,68719476745,0
15,16,68719476746,0
15,16,68719476747,0
15,16,68719476748,0
