0,28,120259084288,3
0,28,120259084289,1
0,28,120259084290,29
0,28,120259084291,1
0,28,120259084292,1
0,28,120259084293,0
0,28,120259084294,1
0,28,120259084295,1
0,28,120259084296,1
0,28,120259084297,1
0,28,120259084298,0
0,28,120259084299,0
0,28,120259084300,1
0,28,120259084301,1
0,28,120259084302,1
0,28,120259084303,0
0,28,120259084304,18
0,28,120259084305,0
0,28,120259084306,1
0,28,120259084307,0
0,28,120259084308,1
0,28,120259084309,0
0,28,120259084310,1
0,28,120259084311,0
0,28,120259084312,193
0,28,120259084313,0
0,28,120259084314,1
0,28,120259084315,1
0,28,120259084316,0
1,28,120259084288,3168
1,28,120259084289,3741
1,28,120259084290,3273
1,28,120259084291,4009
1,28,120259084292,3492
1,28,120259084293,3257
1,28,120259084294,3039
1,28,120259084295,2562
1,28,120259084296,4658
1,28,120259084297,4639
1,28,120259084298,4822
1,28,120259084299,2502
1,28,120259084300,2686
1,28,120259084301,2260
1,28,120259084302,2839
1,28,120259084303,2277
1,28,120259084304,2312
1,28,120259084305,1934
1,28,120259084306,4746
1,28,120259084307,2379
1,28,120259084308,1889
1,28,120259084309,2015
1,28,120259084310,2049
1,28,120259084311,2184
1,28,120259084312,1602
1,28,120259084313,1941
1,28,120259084314,1347
1,28,120259084315,1180
1,28,120259084316,1112
2,28,120259084288,0
2,28,120259084289,0
2,28,120259084290,0
2,28,120259084291,0
2,28,120259084292,0
2,28,120259084293,0
2,28,120259084294,0
2,28,120259084295,0
2,28,120259084296,0
2,28,120259084297,0
2,28,120259084298,0
2,28,120259084299,0
2,28,120259084300,0
2,28,120259084301,0
2,28,120259084302,0
2,28,120259084303,0
2,28,120259084304,0
2,28,120259084305,0
2,28,120259084306,0
2,28,120259084307,0
2,28,120259084308,0
2,28,120259084309,0
2,28,120259084310,1
2,28,120259084311,0
2,28,120259084312,597657
2,28,120259084313,0
2,28,120259084314,0
2,28,120259084315,0
2,28,120259084316,0
3,28,120259084288,0
3,28,120259084289,0
3,28,120259084290,39
3,28,120259084291,0
3,28,120259084292,0
3,28,120259084293,0
3,28,120259084294,0
3,28,120259084295,0
3,28,120259084296,0
3,28,120259084297,0
3,28,120259084298,0
3,28,120259084299,0
3,28,120259084300,0
3,28,120259084301,0
3,28,120259084302,0
3,28,120259084303,0
3,28,120259084304,521
3,28,120259084305,0
3,28,120259084306,1
3,28,120259084307,0
3,28,120259084308,0
3,28,120259084309,0
3,28,120259084310,0
3,28,120259084311,0
3,28,120259084312,1319342
3,28,120259084313,0
3,28,120259084314,0
3,28,120259084315,0
3,28,120259084316,0
4,28,120259084288,1
4,28,120259084289,0
4,28,120259084290,0
4,28,120259084291,0
4,28,120259084292,1
4,28,120259084293,0
4,28,120259084294,1
4,28,120259084295,2
4,28,120259084296,0
4,28,120259084297,1
4,28,120259084298,0
4,28,120259084299,0
4,28,120259084300,1
4,28,120259084301,0
4,28,120259084302,0
4,28,120259084303,0
4,28,120259084304,537
4,28,120259084305,0
4,28,120259084306,1
4,28,120259084307,0
4,28,120259084308,0
4,28,120259084309,0
4,28,120259084310,1
4,28,120259084311,1
4,28,120259084312,219154
4,28,120259084313,1
4,28,120259084314,0
4,28,120259084315,0
4,28,120259084316,0
5,28,120259084288,0
5,28,120259084289,0
5,28,120259084290,0
5,28,120259084291,0
5,28,120259084292,0
5,28,120259084293,0
5,28,120259084294,1
5,28,120259084295,0
5,28,120259084296,0
5,28,120259084297,0
5,28,120259084298,0
5,28,120259084299,0
5,28,120259084300,0
5,28,120259084301,1
5,28,120259084302,0
5,28,120259084303,0
5,28,120259084304,2
5,28,120259084305,0
5,28,120259084306,0
5,28,120259084307,0
5,28,120259084308,0
5,28,120259084309,0
5,28,120259084310,1
5,28,120259084311,0
5,28,120259084312,3363
5,28,120259084313,0
5,28,120259084314,0
5,28,120259084315,0
5,28,120259084316,0
6,28,120259084288,0
6,28,120259084289,0
6,28,120259084290,0
6,28,120259084291,0
6,28,120259084292,0
6,28,120259084293,0
6,28,120259084294,0
6,28,120259084295,0
6,28,120259084296,0
6,28,120259084297,0
6,28,120259084298,0
6,28,120259084299,0
6,28,120259084300,0
6,28,120259084301,0
6,28,120259084302,0
6,28,120259084303,0
6,28,120259084304,0
6,28,120259084305,0
6,28,120259084306,0
6,28,120259084307,0
6,28,120259084308,0
6,28,120259084309,0
6,28,120259084310,0
6,28,120259084311,0
6,28,120259084312,26
6,28,120259084313,0
6,28,120259084314,0
6,28,120259084315,0
6,28,120259084316,0
7,28,120259084288,0
7,28,120259084289,0
7,28,120259084290,0
7,28,120259084291,0
7,28,120259084292,0
7,28,120259084293,0
7,28,120259084294,0
7,28,120259084295,0
7,28,120259084296,1
7,28,120259084297,0
7,28,120259084298,0
7,28,120259084299,0
7,28,120259084300,0
7,28,120259084301,0
7,28,120259084302,0
7,28,120259084303,0
7,28,120259084304,0
7,28,120259084305,0
7,28,120259084306,0
7,28,120259084307,0
7,28,120259084308,0
7,28,120259084309,0
7,28,120259084310,0
7,28,120259084311,0
7,28,120259084312,3
7,28,120259084313,0
7,28,120259084314,0
7,28,120259084315,0
7,28,120259084316,0
8,28,120259084288,0
8,28,120259084289,0
8,28,120259084290,0
8,28,120259084291,0
8,28,120259084292,0
8,28,120259084293,0
8,28,120259084294,0
8,28,120259084295,0
8,28,120259084296,0
8,28,120259084297,0
8,28,120259084298,0
8,28,120259084299,0
8,28,120259084300,0
8,28,120259084301,0
8,28,120259084302,0
8,28,120259084303,0
8,28,120259084304,0
8,28,120259084305,0
8,28,120259084306,0
8,28,120259084307,0
8,28,120259084308,0
8,28,120259084309,0
8,28,120259084310,0
8,28,120259084311,0
8,28,120259084312,0
8,28,120259084313,0
8,28,120259084314,0
8,28,120259084315,0
8,28,120259084316,0
9,28,120259084288,0
9,28,120259084289,0
9,28,120259084290,0
9,28,120259084291,0
9,28,120259084292,0
9,28,120259084293,0
9,28,120259084294,0
9,28,120259084295,1
9,28,120259084296,0
9,28,120259084297,0
9,28,120259084298,0
9,28,120259084299,0
9,28,120259084300,0
9,28,120259084301,0
9,28,120259084302,0
9,28,120259084303,0
9,28,120259084304,0
9,28,120259084305,0
9,28,120259084306,0
9,28,120259084307,0
9,28,120259084308,0
9,28,120259084309,0
9,28,120259084310,0
9,28,120259084311,0
9,28,120259084312,0
9,28,120259084313,0
9,28,120259084314,0
9,28,120259084315,0
9,28,120259084316,0
10,28,120259084288,0
10,28,120259084289,0
10,28,120259084290,0
10,28,120259084291,0
10,28,120259084292,0
10,28,120259084293,0
10,28,120259084294,0
10,28,120259084295,0
10,28,120259084296,0
10,28,120259084297,0
10,28,120259084298,0
10,28,120259084299,0
10,28,120259084300,0
10,28,120259084301,0
10,28,120259084302,0
10,28,120259084303,0
10,28,120259084304,0
10,28,120259084305,0
10,28,120259084306,0
10,28,120259084307,0
10,28,120259084308,0
10,28,120259084309,0
10,28,120259084310,0
10,28,120259084311,0
10,28,120259084312,0
10,28,120259084313,0
10,28,120259084314,0
10,28,120259084315,0
10,28,120259084316,0
11,28,120259084288,0
11,28,120259084289,0
11,28,120259084290,0
11,28,120259084291,0
11,28,120259084292,0
11,28,120259084293,0
11,28,120259084294,0
11,28,120259084295,0
11,28,120259084296,0
11,28,120259084297,0
11,28,120259084298,0
11,28,120259084299,0
11,28,120259084300,0
11,28,120259084301,0
11,28,120259084302,0
11,28,120259084303,0
11,28,120259084304,0
11,28,120259084305,0
11,28,120259084306,0
11,28,120259084307,0
11,28,120259084308,0
11,28,120259084309,0
11,28,120259084310,0
11,28,120259084311,0
11,28,120259084312,0
11,28,120259084313,0
11,28,120259084314,0
11,28,120259084315,0
11,28,120259084316,0
12,28,120259084288,3
12,28,120259084289,1
12,28,120259084290,38
12,28,120259084291,0
12,28,120259084292,1
12,28,120259084293,0
12,28,120259084294,2
12,28,120259084295,7
12,28,120259084296,1
12,28,120259084297,0
12,28,120259084298,0
12,28,120259084299,1
12,28,120259084300,1
12,28,120259084301,1
12,28,120259084302,0
12,28,120259084303,0
12,28,120259084304,427
12,28,120259084305,1
12,28,120259084306,1
12,28,120259084307,0
12,28,120259084308,0
12,28,120259084309,0
12,28,120259084310,1
12,28,120259084311,2
12,28,120259084312,2752
12,28,120259084313,1
12,28,120259084314,0
12,28,120259084315,0
12,28,120259084316,0
13,28,120259084288,1
13,28,120259084289,0
13,28,120259084290,3
13,28,120259084291,1
13,28,120259084292,0
13,28,120259084293,0
13,28,120259084294,1
13,28,120259084295,0
13,28,120259084296,0
13,28,120259084297,1
13,28,120259084298,0
13,28,120259084299,0
13,28,120259084300,1
13,28,120259084301,0
13,28,120259084302,0
13,28,120259084303,0
13,28,120259084304,3
13,28,120259084305,0
13,28,120259084306,0
13,28,120259084307,1
13,28,120259084308,0
13,28,120259084309,0
13,28,120259084310,0
13,28,120259084311,1
13,28,120259084312,163
13,28,120259084313,1
13,28,120259084314,0
13,28,120259084315,0
13,28,120259084316,1
14,28,120259084288,823
14,28,120259084289,566
14,28,120259084290,736
14,28,120259084291,804
14,28,120259084292,437
14,28,120259084293,253
14,28,120259084294,215
14,28,120259084295,182
14,28,120259084296,242
14,28,120259084297,222
14,28,120259084298,206
14,28,120259084299,204
14,28,120259084300,290
14,28,120259084301,136
14,28,120259084302,311
14,28,120259084303,205
14,28,120259084304,507
14,28,120259084305,88
14,28,120259084306,143
14,28,120259084307,138
14,28,120259084308,3653
14,28,120259084309,2673
14,28,120259084310,334
14,28,120259084311,198
14,28,120259084312,4640
14,28,120259084313,170
14,28,120259084314,270
14,28,120259084315,315
14,28,120259084316,263
15,28,120259084288,0
15,28,120259084289,0
15,28,120259084290,0
15,28,120259084291,0
15,28,120259084292,0
15,28,120259084293,0
15,28,120259084294,0
15,28,120259084295,0
15,28,120259084296,0
15,28,120259084297,0
15,28,120259084298,0
15,28,120259084299,0
15,28,120259084300,0
15,28,120259084301,0
15,28,120259084302,0
15,28,120259084303,0
15,28,120259084304,0
15,28,120259084305,0
15,28,120259084306,0
15,28,120259084307,0
15,28,120259084308,0
15,28,120259084309,0
15,28,120259084310,0
15,28,120259084311,0
15,28,120259084312,0
15,28,120259084313,0
15,28,120259084314,0
15,28,120259084315,0
15,28,120259084316,0
