0,7,30064771072,3
0,7,30064771073,3
0,7,30064771074,1
0,7,30064771075,1
0,7,30064771076,5
0,7,30064771077,4
0,7,30064771078,1
0,7,30064771079,0
0,7,30064771080,1
0,7,30064771081,2
0,7,30064771082,3
0,7,30064771083,1
0,7,30064771084,1
0,7,30064771085,1
0,7,30064771086,2
0,7,30064771087,16
0,7,30064771088,1
0,7,30064771089,0
0,7,30064771090,1
0,7,30064771091,2
0,7,30064771092,1
0,7,30064771093,1
0,7,30064771094,1
0,7,30064771095,0
0,7,30064771096,1
0,7,30064771097,1
0,7,30064771098,1
0,7,30064771099,0
0,7,30064771100,1
0,7,30064771101,1
0,7,30064771102,1
0,7,30064771103,0
0,7,30064771104,1
0,7,30064771105,1
0,7,30064771106,1
0,7,30064771107,288
1,7,30064771072,2669
1,7,30064771073,3809
1,7,30064771074,2778
1,7,30064771075,3207
1,7,30064771076,3491
1,7,30064771077,2795
1,7,30064771078,3056
1,7,30064771079,647
1,7,30064771080,13
1,7,30064771081,9
1,7,30064771082,9
1,7,30064771083,9
1,7,30064771084,9
1,7,30064771085,9
1,7,30064771086,8
1,7,30064771087,9
1,7,30064771088,9
1,7,30064771089,9
1,7,30064771090,9
1,7,30064771091,9
1,7,30064771092,9
1,7,30064771093,9
1,7,30064771094,9
1,7,30064771095,9
1,7,30064771096,9
1,7,30064771097,8
1,7,30064771098,8
1,7,30064771099,9
1,7,30064771100,9
1,7,30064771101,9
1,7,30064771102,9
1,7,30064771103,9
1,7,30064771104,9
1,7,30064771105,9
1,7,30064771106,9
1,7,30064771107,8
2,7,30064771072,0
2,7,30064771073,0
2,7,30064771074,0
2,7,30064771075,1
2,7,30064771076,0
2,7,30064771077,0
2,7,30064771078,0
2,7,30064771079,0
2,7,30064771080,0
2,7,30064771081,0
2,7,30064771082,0
2,7,30064771083,0
2,7,30064771084,0
2,7,30064771085,0
2,7,30064771086,0
2,7,30064771087,0
2,7,30064771088,0
2,7,30064771089,0
2,7,30064771090,0
2,7,30064771091,0
2,7,30064771092,0
2,7,30064771093,0
2,7,30064771094,0
2,7,30064771095,0
2,7,30064771096,1
2,7,30064771097,0
2,7,30064771098,0
2,7,30064771099,0
2,7,30064771100,0
2,7,30064771101,0
2,7,30064771102,0
2,7,30064771103,0
2,7,30064771104,0
2,7,30064771105,0
2,7,30064771106,0
2,7,30064771107,0
3,7,30064771072,0
3,7,30064771073,1
3,7,30064771074,0
3,7,30064771075,0
3,7,30064771076,23
3,7,30064771077,0
3,7,30064771078,0
3,7,30064771079,0
3,7,30064771080,0
3,7,30064771081,0
3,7,30064771082,51
3,7,30064771083,0
3,7,30064771084,0
3,7,30064771085,0
3,7,30064771086,0
3,7,30064771087,0
3,7,30064771088,0
3,7,30064771089,0
3,7,30064771090,0
3,7,30064771091,0
3,7,30064771092,0
3,7,30064771093,1
3,7,30064771094,0
3,7,30064771095,0
3,7,30064771096,0
3,7,30064771097,0
3,7,30064771098,0
3,7,30064771099,0
3,7,30064771100,0
3,7,30064771101,0
3,7,30064771102,0
3,7,30064771103,0
3,7,30064771104,0
3,7,30064771105,0
3,7,30064771106,0
3,7,30064771107,1062370
4,7,30064771072,1
4,7,30064771073,1
4,7,30064771074,0
4,7,30064771075,1
4,7,30064771076,1
4,7,30064771077,3
4,7,30064771078,0
4,7,30064771079,0
4,7,30064771080,0
4,7,30064771081,1
4,7,30064771082,9
4,7,30064771083,1
4,7,30064771084,0
4,7,30064771085,0
4,7,30064771086,1
4,7,30064771087,41
4,7,30064771088,0
4,7,30064771089,0
4,7,30064771090,1
4,7,30064771091,2
4,7,30064771092,0
4,7,30064771093,2
4,7,30064771094,0
4,7,30064771095,0
4,7,30064771096,0
4,7,30064771097,1
4,7,30064771098,0
4,7,30064771099,0
4,7,30064771100,0
4,7,30064771101,0
4,7,30064771102,1
4,7,30064771103,0
4,7,30064771104,0
4,7,30064771105,0
4,7,30064771106,1
4,7,30064771107,93177
5,7,30064771072,0
5,7,30064771073,0
5,7,30064771074,0
5,7,30064771075,0
5,7,30064771076,0
5,7,30064771077,0
5,7,30064771078,0
5,7,30064771079,0
5,7,30064771080,0
5,7,30064771081,1
5,7,30064771082,6
5,7,30064771083,0
5,7,30064771084,0
5,7,30064771085,0
5,7,30064771086,0
5,7,30064771087,34
5,7,30064771088,0
5,7,30064771089,0
5,7,30064771090,1
5,7,30064771091,0
5,7,30064771092,0
5,7,30064771093,0
5,7,30064771094,0
5,7,30064771095,0
5,7,30064771096,0
5,7,30064771097,0
5,7,30064771098,0
5,7,30064771099,0
5,7,30064771100,0
5,7,30064771101,0
5,7,30064771102,0
5,7,30064771103,0
5,7,30064771104,0
5,7,30064771105,0
5,7,30064771106,1
5,7,30064771107,454
6,7,30064771072,0
6,7,30064771073,0
6,7,30064771074,0
6,7,30064771075,0
6,7,30064771076,0
6,7,30064771077,0
6,7,30064771078,0
6,7,30064771079,0
6,7,30064771080,0
6,7,30064771081,0
6,7,30064771082,0
6,7,30064771083,0
6,7,30064771084,0
6,7,30064771085,0
6,7,30064771086,0
6,7,30064771087,9
6,7,30064771088,0
6,7,30064771089,0
6,7,30064771090,0
6,7,30064771091,0
6,7,30064771092,0
6,7,30064771093,0
6,7,30064771094,0
6,7,30064771095,0
6,7,30064771096,0
6,7,30064771097,0
6,7,30064771098,0
6,7,30064771099,0
6,7,30064771100,0
6,7,30064771101,0
6,7,30064771102,0
6,7,30064771103,0
6,7,30064771104,0
6,7,30064771105,0
6,7,30064771106,0
6,7,30064771107,98
7,7,30064771072,0
7,7,30064771073,0
7,7,30064771074,0
7,7,30064771075,0
7,7,30064771076,0
7,7,30064771077,0
7,7,30064771078,0
7,7,30064771079,0
7,7,30064771080,0
7,7,30064771081,0
7,7,30064771082,0
7,7,30064771083,0
7,7,30064771084,0
7,7,30064771085,0
7,7,30064771086,0
7,7,30064771087,0
7,7,30064771088,0
7,7,30064771089,1
7,7,30064771090,0
7,7,30064771091,0
7,7,30064771092,0
7,7,30064771093,0
7,7,30064771094,0
7,7,30064771095,0
7,7,30064771096,0
7,7,30064771097,0
7,7,30064771098,0
7,7,30064771099,0
7,7,30064771100,0
7,7,30064771101,0
7,7,30064771102,0
7,7,30064771103,1
7,7,30064771104,0
7,7,30064771105,0
7,7,30064771106,0
7,7,30064771107,0
8,7,30064771072,0
8,7,30064771073,0
8,7,30064771074,0
8,7,30064771075,0
8,7,30064771076,0
8,7,30064771077,0
8,7,30064771078,1
8,7,30064771079,0
8,7,30064771080,0
8,7,30064771081,0
8,7,30064771082,0
8,7,30064771083,0
8,7,30064771084,0
8,7,30064771085,0
8,7,30064771086,0
8,7,30064771087,0
8,7,30064771088,0
8,7,30064771089,0
8,7,30064771090,0
8,7,30064771091,0
8,7,30064771092,0
8,7,30064771093,0
8,7,30064771094,0
8,7,30064771095,0
8,7,30064771096,0
8,7,30064771097,0
8,7,30064771098,0
8,7,30064771099,0
8,7,30064771100,0
8,7,30064771101,0
8,7,30064771102,0
8,7,30064771103,0
8,7,30064771104,0
8,7,30064771105,0
8,7,30064771106,0
8,7,30064771107,0
9,7,30064771072,0
9,7,30064771073,1
9,7,30064771074,0
9,7,30064771075,0
9,7,30064771076,0
9,7,30064771077,0
9,7,30064771078,0
9,7,30064771079,0
9,7,30064771080,0
9,7,30064771081,0
9,7,30064771082,0
9,7,30064771083,0
9,7,30064771084,0
9,7,30064771085,0
9,7,30064771086,1
9,7,30064771087,0
9,7,30064771088,0
9,7,30064771089,0
9,7,30064771090,0
9,7,30064771091,0
9,7,30064771092,0
9,7,30064771093,0
9,7,30064771094,0
9,7,30064771095,0
9,7,30064771096,0
9,7,30064771097,0
9,7,30064771098,0
9,7,30064771099,0
9,7,30064771100,1
9,7,30064771101,0
9,7,30064771102,0
9,7,30064771103,0
9,7,30064771104,0
9,7,30064771105,0
9,7,30064771106,0
9,7,30064771107,0
10,7,30064771072,0
10,7,30064771073,0
10,7,30064771074,0
10,7,30064771075,0
10,7,30064771076,0
10,7,30064771077,0
10,7,30064771078,1
10,7,30064771079,0
10,7,30064771080,0
10,7,30064771081,0
10,7,30064771082,0
10,7,30064771083,0
10,7,30064771084,0
10,7,30064771085,0
10,7,30064771086,0
10,7,30064771087,0
10,7,30064771088,0
10,7,30064771089,0
10,7,30064771090,0
10,7,30064771091,0
10,7,30064771092,1
10,7,30064771093,0
10,7,30064771094,0
10,7,30064771095,0
10,7,30064771096,0
10,7,30064771097,0
10,7,30064771098,0
10,7,30064771099,0
10,7,30064771100,0
10,7,30064771101,0
10,7,30064771102,0
10,7,30064771103,0
10,7,30064771104,0
10,7,30064771105,0
10,7,30064771106,0
10,7,30064771107,0
11,7,30064771072,0
11,7,30064771073,0
11,7,30064771074,1
11,7,30064771075,0
11,7,30064771076,0
11,7,30064771077,0
11,7,30064771078,0
11,7,30064771079,0
11,7,30064771080,0
11,7,30064771081,0
11,7,30064771082,0
11,7,30064771083,0
11,7,30064771084,0
11,7,30064771085,0
11,7,30064771086,0
11,7,30064771087,0
11,7,30064771088,0
11,7,30064771089,0
11,7,30064771090,0
11,7,30064771091,0
11,7,30064771092,0
11,7,30064771093,0
11,7,30064771094,0
11,7,30064771095,0
11,7,30064771096,0
11,7,30064771097,0
11,7,30064771098,0
11,7,30064771099,0
11,7,30064771100,0
11,7,30064771101,0
11,7,30064771102,0
11,7,30064771103,0
11,7,30064771104,0
11,7,30064771105,0
11,7,30064771106,0
11,7,30064771107,0
12,7,30064771072,1
12,7,30064771073,1
12,7,30064771074,2
12,7,30064771075,0
12,7,30064771076,4
12,7,30064771077,6
12,7,30064771078,0
12,7,30064771079,0
12,7,30064771080,0
12,7,30064771081,1
12,7,30064771082,56
12,7,30064771083,0
12,7,30064771084,0
12,7,30064771085,1
12,7,30064771086,0
12,7,30064771087,5
12,7,30064771088,0
12,7,30064771089,1
12,7,30064771090,0
12,7,30064771091,1
12,7,30064771092,0
12,7,30064771093,1
12,7,30064771094,0
12,7,30064771095,0
12,7,30064771096,0
12,7,30064771097,1
12,7,30064771098,0
12,7,30064771099,0
12,7,30064771100,0
12,7,30064771101,0
12,7,30064771102,0
12,7,30064771103,0
12,7,30064771104,0
12,7,30064771105,0
12,7,30064771106,1
12,7,30064771107,2321
13,7,30064771072,1
13,7,30064771073,1
13,7,30064771074,1
13,7,30064771075,1
13,7,30064771076,1
13,7,30064771077,1
13,7,30064771078,0
13,7,30064771079,0
13,7,30064771080,1
13,7,30064771081,0
13,7,30064771082,2
13,7,30064771083,0
13,7,30064771084,0
13,7,30064771085,1
13,7,30064771086,0
13,7,30064771087,1
13,7,30064771088,0
13,7,30064771089,1
13,7,30064771090,0
13,7,30064771091,1
13,7,30064771092,0
13,7,30064771093,1
13,7,30064771094,0
13,7,30064771095,0
13,7,30064771096,1
13,7,30064771097,0
13,7,30064771098,1
13,7,30064771099,0
13,7,30064771100,1
13,7,30064771101,0
13,7,30064771102,0
13,7,30064771103,1
13,7,30064771104,0
13,7,30064771105,1
13,7,30064771106,0
13,7,30064771107,141
14,7,30064771072,622
14,7,30064771073,478
14,7,30064771074,213
14,7,30064771075,378
14,7,30064771076,943
14,7,30064771077,3916
14,7,30064771078,3524
14,7,30064771079,432
14,7,30064771080,107
14,7,30064771081,104
14,7,30064771082,212
14,7,30064771083,100
14,7,30064771084,197
14,7,30064771085,96
14,7,30064771086,113
14,7,30064771087,346
14,7,30064771088,225
14,7,30064771089,107
14,7,30064771090,315
14,7,30064771091,314
14,7,30064771092,335
14,7,30064771093,200
14,7,30064771094,86
14,7,30064771095,179
14,7,30064771096,103
14,7,30064771097,191
14,7,30064771098,243
14,7,30064771099,207
14,7,30064771100,91
14,7,30064771101,84
14,7,30064771102,112
14,7,30064771103,95
14,7,30064771104,107
14,7,30064771105,80
14,7,30064771106,301
14,7,30064771107,4746
15,7,30064771072,0
15,7,30064771073,0
15,7,30064771074,0
15,7,30064771075,0
15,7,30064771076,0
15,7,30064771077,0
15,7,30064771078,0
15,7,30064771079,0
15,7,30064771080,0
15,7,30064771081,0
15,7,30064771082,0
15,7,30064771083,0
15,7,30064771084,0
15,7,30064771085,0
15,7,30064771086,0
15,7,30064771087,0
15,7,30064771088,0
15,7,30064771089,0
15,7,30064771090,0
15,7,30064771091,0
15,7,30064771092,0
15,7,30064771093,0
15,7,30064771094,0
15,7,30064771095,0
15,7,30064771096,0
15,7,30064771097,0
15,7,30064771098,0
15,7,30064771099,0
15,7,30064771100,0
15,7,30064771101,0
15,7,30064771102,0
15,7,30064771103,0
15,7,30064771104,0
15,7,30064771105,0
15,7,30064771106,0
15,7,30064771107,0
