0,31,133143986176,3
0,31,133143986177,1
0,31,133143986178,6
0,31,133143986179,0
0,31,133143986180,1
0,31,133143986181,0
0,31,133143986182,1
0,31,133143986183,2
0,31,133143986184,1
0,31,133143986185,0
0,31,133143986186,0
0,31,133143986187,1
0,31,133143986188,0
0,31,133143986189,1
0,31,133143986190,1
0,31,133143986191,0
0,31,133143986192,6
0,31,133143986193,1
0,31,133143986194,2
0,31,133143986195,0
0,31,133143986196,2
0,31,133143986197,2
0,31,133143986198,3
0,31,133143986199,1
0,31,133143986200,1
0,31,133143986201,0
0,31,133143986202,1
0,31,133143986203,3
0,31,133143986204,317
0,31,133143986205,0
0,31,133143986206,1
0,31,133143986207,0
0,31,133143986208,0
1,31,133143986176,3138
1,31,133143986177,3508
1,31,133143986178,3081
1,31,133143986179,3205
1,31,133143986180,3484
1,31,133143986181,3432
1,31,133143986182,2721
1,31,133143986183,2781
1,31,133143986184,4690
1,31,133143986185,4731
1,31,133143986186,4219
1,31,133143986187,2896
1,31,133143986188,2303
1,31,133143986189,2251
1,31,133143986190,2152
1,31,133143986191,2377
1,31,133143986192,2286
1,31,133143986193,2202
1,31,133143986194,2303
1,31,133143986195,4428
1,31,133143986196,2250
1,31,133143986197,1649
1,31,133143986198,2250
1,31,133143986199,2242
1,31,133143986200,2225
1,31,133143986201,1690
1,31,133143986202,2088
1,31,133143986203,1248
1,31,133143986204,1162
1,31,133143986205,1071
1,31,133143986206,886
1,31,133143986207,15
1,31,133143986208,10
2,31,133143986176,0
2,31,133143986177,0
2,31,133143986178,0
2,31,133143986179,0
2,31,133143986180,0
2,31,133143986181,1
2,31,133143986182,0
2,31,133143986183,0
2,31,133143986184,0
2,31,133143986185,0
2,31,133143986186,0
2,31,133143986187,0
2,31,133143986188,0
2,31,133143986189,0
2,31,133143986190,1
2,31,133143986191,0
2,31,133143986192,0
2,31,133143986193,0
2,31,133143986194,0
2,31,133143986195,0
2,31,133143986196,0
2,31,133143986197,0
2,31,133143986198,0
2,31,133143986199,1
2,31,133143986200,0
2,31,133143986201,0
2,31,133143986202,0
2,31,133143986203,0
2,31,133143986204,0
2,31,133143986205,0
2,31,133143986206,0
2,31,133143986207,0
2,31,133143986208,0
3,31,133143986176,0
3,31,133143986177,2
3,31,133143986178,0
3,31,133143986179,0
3,31,133143986180,0
3,31,133143986181,0
3,31,133143986182,0
3,31,133143986183,1
3,31,133143986184,0
3,31,133143986185,0
3,31,133143986186,5
3,31,133143986187,0
3,31,133143986188,0
3,31,133143986189,0
3,31,133143986190,0
3,31,133143986191,0
3,31,133143986192,0
3,31,133143986193,0
3,31,133143986194,0
3,31,133143986195,0
3,31,133143986196,0
3,31,133143986197,13
3,31,133143986198,0
3,31,133143986199,0
3,31,133143986200,0
3,31,133143986201,0
3,31,133143986202,0
3,31,133143986203,0
3,31,133143986204,1873276
3,31,133143986205,0
3,31,133143986206,0
3,31,133143986207,0
3,31,133143986208,0
4,31,133143986176,0
4,31,133143986177,1
4,31,133143986178,1
4,31,133143986179,0
4,31,133143986180,0
4,31,133143986181,0
4,31,133143986182,0
4,31,133143986183,1
4,31,133143986184,0
4,31,133143986185,1
4,31,133143986186,0
4,31,133143986187,0
4,31,133143986188,0
4,31,133143986189,0
4,31,133143986190,0
4,31,133143986191,0
4,31,133143986192,6
4,31,133143986193,0
4,31,133143986194,1
4,31,133143986195,0
4,31,133143986196,0
4,31,133143986197,0
4,31,133143986198,2
4,31,133143986199,0
4,31,133143986200,1
4,31,133143986201,0
4,31,133143986202,0
4,31,133143986203,4
4,31,133143986204,189209
4,31,133143986205,0
4,31,133143986206,0
4,31,133143986207,0
4,31,133143986208,0
5,31,133143986176,0
5,31,133143986177,0
5,31,133143986178,0
5,31,133143986179,0
5,31,133143986180,0
5,31,133143986181,0
5,31,133143986182,0
5,31,133143986183,0
5,31,133143986184,0
5,31,133143986185,1
5,31,133143986186,0
5,31,133143986187,0
5,31,133143986188,0
5,31,133143986189,0
5,31,133143986190,0
5,31,133143986191,0
5,31,133143986192,4
5,31,133143986193,0
5,31,133143986194,0
5,31,133143986195,0
5,31,133143986196,0
5,31,133143986197,0
5,31,133143986198,0
5,31,133143986199,0
5,31,133143986200,0
5,31,133143986201,0
5,31,133143986202,0
5,31,133143986203,0
5,31,133143986204,773
5,31,133143986205,0
5,31,133143986206,0
5,31,133143986207,0
5,31,133143986208,1
6,31,133143986176,0
6,31,133143986177,0
6,31,133143986178,0
6,31,133143986179,0
6,31,133143986180,0
6,31,133143986181,1
6,31,133143986182,0
6,31,133143986183,0
6,31,133143986184,0
6,31,133143986185,0
6,31,133143986186,0
6,31,133143986187,0
6,31,133143986188,0
6,31,133143986189,0
6,31,133143986190,0
6,31,133143986191,0
6,31,133143986192,0
6,31,133143986193,0
6,31,133143986194,0
6,31,133143986195,0
6,31,133143986196,1
6,31,133143986197,0
6,31,133143986198,0
6,31,133143986199,0
6,31,133143986200,0
6,31,133143986201,0
6,31,133143986202,0
6,31,133143986203,0
6,31,133143986204,55
6,31,133143986205,0
6,31,133143986206,0
6,31,133143986207,0
6,31,133143986208,0
7,31,133143986176,0
7,31,133143986177,0
7,31,133143986178,0
7,31,133143986179,0
7,31,133143986180,0
7,31,133143986181,0
7,31,133143986182,0
7,31,133143986183,0
7,31,133143986184,0
7,31,133143986185,0
7,31,133143986186,0
7,31,133143986187,0
7,31,133143986188,0
7,31,133143986189,0
7,31,133143986190,0
7,31,133143986191,0
7,31,133143986192,0
7,31,133143986193,0
7,31,133143986194,0
7,31,133143986195,0
7,31,133143986196,0
7,31,133143986197,0
7,31,133143986198,0
7,31,133143986199,0
7,31,133143986200,0
7,31,133143986201,0
7,31,133143986202,0
7,31,133143986203,0
7,31,133143986204,1
7,31,133143986205,0
7,31,133143986206,0
7,31,133143986207,0
7,31,133143986208,0
8,31,133143986176,0
8,31,133143986177,0
8,31,133143986178,0
8,31,133143986179,0
8,31,133143986180,0
8,31,133143986181,0
8,31,133143986182,0
8,31,133143986183,0
8,31,133143986184,0
8,31,133143986185,0
8,31,133143986186,0
8,31,133143986187,0
8,31,133143986188,0
8,31,133143986189,0
8,31,133143986190,0
8,31,133143986191,1
8,31,133143986192,0
8,31,133143986193,0
8,31,133143986194,0
8,31,133143986195,0
8,31,133143986196,0
8,31,133143986197,0
8,31,133143986198,0
8,31,133143986199,0
8,31,133143986200,0
8,31,133143986201,0
8,31,133143986202,0
8,31,133143986203,0
8,31,133143986204,0
8,31,133143986205,0
8,31,133143986206,0
8,31,133143986207,0
8,31,133143986208,0
9,31,133143986176,1
9,31,133143986177,0
9,31,133143986178,0
9,31,133143986179,0
9,31,133143986180,0
9,31,133143986181,0
9,31,133143986182,0
9,31,133143986183,0
9,31,133143986184,0
9,31,133143986185,0
9,31,133143986186,0
9,31,133143986187,0
9,31,133143986188,0
9,31,133143986189,0
9,31,133143986190,0
9,31,133143986191,0
9,31,133143986192,1
9,31,133143986193,0
9,31,133143986194,0
9,31,133143986195,0
9,31,133143986196,0
9,31,133143986197,0
9,31,133143986198,0
9,31,133143986199,0
9,31,133143986200,0
9,31,133143986201,0
9,31,133143986202,0
9,31,133143986203,0
9,31,133143986204,0
9,31,133143986205,0
9,31,133143986206,0
9,31,133143986207,0
9,31,133143986208,0
10,31,133143986176,0
10,31,133143986177,0
10,31,133143986178,0
10,31,133143986179,0
10,31,133143986180,0
10,31,133143986181,0
10,31,133143986182,0
10,31,133143986183,0
10,31,133143986184,0
10,31,133143986185,0
10,31,133143986186,0
10,31,133143986187,0
10,31,133143986188,0
10,31,133143986189,0
10,31,133143986190,0
10,31,133143986191,0
10,31,133143986192,0
10,31,133143986193,0
10,31,133143986194,0
10,31,133143986195,0
10,31,133143986196,0
10,31,133143986197,0
10,31,133143986198,0
10,31,133143986199,0
10,31,133143986200,1
10,31,133143986201,0
10,31,133143986202,0
10,31,133143986203,0
10,31,133143986204,0
10,31,133143986205,0
10,31,133143986206,0
10,31,133143986207,0
10,31,133143986208,0
11,31,133143986176,0
11,31,133143986177,0
11,31,133143986178,0
11,31,133143986179,0
11,31,133143986180,0
11,31,133143986181,0
11,31,133143986182,0
11,31,133143986183,0
11,31,133143986184,0
11,31,133143986185,0
11,31,133143986186,0
11,31,133143986187,0
11,31,133143986188,0
11,31,133143986189,0
11,31,133143986190,0
11,31,133143986191,0
11,31,133143986192,0
11,31,133143986193,0
11,31,133143986194,0
11,31,133143986195,0
11,31,133143986196,0
11,31,133143986197,0
11,31,133143986198,0
11,31,133143986199,0
11,31,133143986200,0
11,31,133143986201,0
11,31,133143986202,0
11,31,133143986203,0
11,31,133143986204,0
11,31,133143986205,0
11,31,133143986206,0
11,31,133143986207,0
11,31,133143986208,0
12,31,133143986176,0
12,31,133143986177,1
12,31,133143986178,1
12,31,133143986179,1
12,31,133143986180,0
12,31,133143986181,1
12,31,133143986182,0
12,31,133143986183,3
12,31,133143986184,1
12,31,133143986185,1
12,31,133143986186,1
12,31,133143986187,0
12,31,133143986188,1
12,31,133143986189,0
12,31,133143986190,1
12,31,133143986191,0
12,31,133143986192,3
12,31,133143986193,0
12,31,133143986194,4
12,31,133143986195,0
12,31,133143986196,3
12,31,133143986197,2
12,31,133143986198,5
12,31,133143986199,1
12,31,133143986200,0
12,31,133143986201,0
12,31,133143986202,1
12,31,133143986203,18
12,31,133143986204,3405
12,31,133143986205,1
12,31,133143986206,0
12,31,133143986207,0
12,31,133143986208,0
13,31,133143986176,1
13,31,133143986177,0
13,31,133143986178,1
13,31,133143986179,0
13,31,133143986180,1
13,31,133143986181,0
13,31,133143986182,1
13,31,133143986183,0
13,31,133143986184,0
13,31,133143986185,0
13,31,133143986186,1
13,31,133143986187,0
13,31,133143986188,0
13,31,133143986189,0
13,31,133143986190,0
13,31,133143986191,1
13,31,133143986192,0
13,31,133143986193,0
13,31,133143986194,0
13,31,133143986195,0
13,31,133143986196,1
13,31,133143986197,0
13,31,133143986198,0
13,31,133143986199,0
13,31,133143986200,0
13,31,133143986201,1
13,31,133143986202,0
13,31,133143986203,0
13,31,133143986204,364
13,31,133143986205,0
13,31,133143986206,0
13,31,133143986207,0
13,31,133143986208,1
14,31,133143986176,908
14,31,133143986177,567
14,31,133143986178,379
14,31,133143986179,634
14,31,133143986180,588
14,31,133143986181,471
14,31,133143986182,258
14,31,133143986183,326
14,31,133143986184,223
14,31,133143986185,208
14,31,133143986186,313
14,31,133143986187,271
14,31,133143986188,350
14,31,133143986189,157
14,31,133143986190,240
14,31,133143986191,107
14,31,133143986192,214
14,31,133143986193,177
14,31,133143986194,191
14,31,133143986195,179
14,31,133143986196,214
14,31,133143986197,242
14,31,133143986198,329
14,31,133143986199,170
14,31,133143986200,191
14,31,133143986201,94
14,31,133143986202,351
14,31,133143986203,213
14,31,133143986204,9368
14,31,133143986205,238
14,31,133143986206,297
14,31,133143986207,92
14,31,133143986208,537
15,31,133143986176,0
15,31,133143986177,0
15,31,133143986178,0
15,31,133143986179,0
15,31,133143986180,0
15,31,133143986181,0
15,31,133143986182,0
15,31,133143986183,0
15,31,133143986184,0
15,31,133143986185,0
15,31,133143986186,0
15,31,133143986187,0
15,31,133143986188,0
15,31,133143986189,0
15,31,133143986190,0
15,31,133143986191,0
15,31,133143986192,0
15,31,133143986193,0
15,31,133143986194,0
15,31,133143986195,0
15,31,133143986196,0
15,31,133143986197,0
15,31,133143986198,0
15,31,133143986199,0
15,31,133143986200,0
15,31,133143986201,0
15,31,133143986202,0
15,31,133143986203,0
15,31,133143986204,0
15,31,133143986205,0
15,31,133143986206,0
15,31,133143986207,0
15,31,133143986208,0
