0,12,51539607552,6
0,12,51539607553,0
0,12,51539607554,15
0,12,51539607555,0
0,12,51539607556,3
0,12,51539607557,3
0,12,51539607558,2
0,12,51539607559,1
0,12,51539607560,0
0,12,51539607561,1
0,12,51539607562,1
0,12,51539607563,0
0,12,51539607564,8
0,12,51539607565,0
0,12,51539607566,1
0,12,51539607567,1
0,12,51539607568,0
0,12,51539607569,0
0,12,51539607570,0
0,12,51539607571,1
0,12,51539607572,0
0,12,51539607573,1
0,12,51539607574,0
0,12,51539607575,326
1,12,51539607552,3267
1,12,51539607553,3640
1,12,51539607554,3324
1,12,51539607555,7778
1,12,51539607556,50155
1,12,51539607557,1932
1,12,51539607558,1933
1,12,51539607559,711
1,12,51539607560,10
1,12,51539607561,11
1,12,51539607562,10
1,12,51539607563,11
1,12,51539607564,10
1,12,51539607565,10
1,12,51539607566,11
1,12,51539607567,10
1,12,51539607568,10
1,12,51539607569,11
1,12,51539607570,10
1,12,51539607571,10
1,12,51539607572,11
1,12,51539607573,10
1,12,51539607574,10
1,12,51539607575,11
2,12,51539607552,1
2,12,51539607553,0
2,12,51539607554,0
2,12,51539607555,0
2,12,51539607556,0
2,12,51539607557,0
2,12,51539607558,0
2,12,51539607559,0
2,12,51539607560,0
2,12,51539607561,0
2,12,51539607562,0
2,12,51539607563,0
2,12,51539607564,0
2,12,51539607565,0
2,12,51539607566,0
2,12,51539607567,0
2,12,51539607568,0
2,12,51539607569,0
2,12,51539607570,0
2,12,51539607571,0
2,12,51539607572,0
2,12,51539607573,0
2,12,51539607574,0
2,12,51539607575,0
3,12,51539607552,0
3,12,51539607553,0
3,12,51539607554,0
3,12,51539607555,0
3,12,51539607556,0
3,12,51539607557,0
3,12,51539607558,0
3,12,51539607559,0
3,12,51539607560,0
3,12,51539607561,0
3,12,51539607562,0
3,12,51539607563,0
3,12,51539607564,0
3,12,51539607565,0
3,12,51539607566,0
3,12,51539607567,0
3,12,51539607568,0
3,12,51539607569,0
3,12,51539607570,0
3,12,51539607571,0
3,12,51539607572,3
3,12,51539607573,2
3,12,51539607574,1
3,12,51539607575,891129
4,12,51539607552,3
4,12,51539607553,0
4,12,51539607554,11
4,12,51539607555,1
4,12,51539607556,1
4,12,51539607557,2
4,12,51539607558,1
4,12,51539607559,0
4,12,51539607560,1
4,12,51539607561,0
4,12,51539607562,0
4,12,51539607563,0
4,12,51539607564,4
4,12,51539607565,1
4,12,51539607566,0
4,12,51539607567,1
4,12,51539607568,0
4,12,51539607569,0
4,12,51539607570,1
4,12,51539607571,0
4,12,51539607572,0
4,12,51539607573,1
4,12,51539607574,0
4,12,51539607575,597596
5,12,51539607552,0
5,12,51539607553,0
5,12,51539607554,0
5,12,51539607555,0
5,12,51539607556,0
5,12,51539607557,0
5,12,51539607558,0
5,12,51539607559,1
5,12,51539607560,0
5,12,51539607561,0
5,12,51539607562,0
5,12,51539607563,0
5,12,51539607564,0
5,12,51539607565,0
5,12,51539607566,0
5,12,51539607567,0
5,12,51539607568,0
5,12,51539607569,0
5,12,51539607570,0
5,12,51539607571,0
5,12,51539607572,0
5,12,51539607573,0
5,12,51539607574,0
5,12,51539607575,3098
6,12,51539607552,0
6,12,51539607553,0
6,12,51539607554,0
6,12,51539607555,0
6,12,51539607556,0
6,12,51539607557,0
6,12,51539607558,0
6,12,51539607559,0
6,12,51539607560,0
6,12,51539607561,0
6,12,51539607562,0
6,12,51539607563,0
6,12,51539607564,0
6,12,51539607565,0
6,12,51539607566,0
6,12,51539607567,0
6,12,51539607568,0
6,12,51539607569,0
6,12,51539607570,0
6,12,51539607571,0
6,12,51539607572,0
6,12,51539607573,0
6,12,51539607574,0
6,12,51539607575,32
7,12,51539607552,0
7,12,51539607553,0
7,12,51539607554,0
7,12,51539607555,0
7,12,51539607556,0
7,12,51539607557,0
7,12,51539607558,0
7,12,51539607559,0
7,12,51539607560,0
7,12,51539607561,0
7,12,51539607562,0
7,12,51539607563,0
7,12,51539607564,0
7,12,51539607565,0
7,12,51539607566,0
7,12,51539607567,0
7,12,51539607568,0
7,12,51539607569,0
7,12,51539607570,0
7,12,51539607571,0
7,12,51539607572,0
7,12,51539607573,0
7,12,51539607574,0
7,12,51539607575,0
8,12,51539607552,0
8,12,51539607553,0
8,12,51539607554,0
8,12,51539607555,0
8,12,51539607556,0
8,12,51539607557,0
8,12,51539607558,0
8,12,51539607559,0
8,12,51539607560,0
8,12,51539607561,0
8,12,51539607562,0
8,12,51539607563,0
8,12,51539607564,0
8,12,51539607565,0
8,12,51539607566,0
8,12,51539607567,0
8,12,51539607568,0
8,12,51539607569,0
8,12,51539607570,0
8,12,51539607571,0
8,12,51539607572,0
8,12,51539607573,0
8,12,51539607574,0
8,12,51539607575,0
9,12,51539607552,0
9,12,51539607553,0
9,12,51539607554,0
9,12,51539607555,0
9,12,51539607556,0
9,12,51539607557,0
9,12,51539607558,0
9,12,51539607559,0
9,12,51539607560,0
9,12,51539607561,0
9,12,51539607562,0
9,12,51539607563,0
9,12,51539607564,0
9,12,51539607565,0
9,12,51539607566,0
9,12,51539607567,0
9,12,51539607568,0
9,12,51539607569,0
9,12,51539607570,0
9,12,51539607571,0
9,12,51539607572,0
9,12,51539607573,0
9,12,51539607574,0
9,12,51539607575,0
10,12,51539607552,0
10,12,51539607553,0
10,12,51539607554,0
10,12,51539607555,0
10,12,51539607556,0
10,12,51539607557,0
10,12,51539607558,0
10,12,51539607559,0
10,12,51539607560,0
10,12,51539607561,0
10,12,51539607562,0
10,12,51539607563,0
10,12,51539607564,0
10,12,51539607565,0
10,12,51539607566,0
10,12,51539607567,0
10,12,51539607568,0
10,12,51539607569,0
10,12,51539607570,0
10,12,51539607571,0
10,12,51539607572,0
10,12,51539607573,0
10,12,51539607574,0
10,12,51539607575,1
11,12,51539607552,0
11,12,51539607553,0
11,12,51539607554,0
11,12,51539607555,0
11,12,51539607556,0
11,12,51539607557,0
11,12,51539607558,0
11,12,51539607559,0
11,12,51539607560,0
11,12,51539607561,0
11,12,51539607562,0
11,12,51539607563,0
11,12,51539607564,0
11,12,51539607565,0
11,12,51539607566,0
11,12,51539607567,0
11,12,51539607568,0
11,12,51539607569,0
11,12,51539607570,0
11,12,51539607571,0
11,12,51539607572,0
11,12,51539607573,0
11,12,51539607574,0
11,12,51539607575,0
12,12,51539607552,2
12,12,51539607553,0
12,12,51539607554,48
12,12,51539607555,0
12,12,51539607556,1
12,12,51539607557,1
12,12,51539607558,0
12,12,51539607559,1
12,12,51539607560,0
12,12,51539607561,0
12,12,51539607562,0
12,12,51539607563,0
12,12,51539607564,3
12,12,51539607565,0
12,12,51539607566,1
12,12,51539607567,0
12,12,51539607568,0
12,12,51539607569,0
12,12,51539607570,0
12,12,51539607571,1
12,12,51539607572,0
12,12,51539607573,0
12,12,51539607574,0
12,12,51539607575,2191
13,12,51539607552,1
13,12,51539607553,0
13,12,51539607554,1
13,12,51539607555,0
13,12,51539607556,1
13,12,51539607557,1
13,12,51539607558,0
13,12,51539607559,1
13,12,51539607560,0
13,12,51539607561,0
13,12,51539607562,0
13,12,51539607563,0
13,12,51539607564,0
13,12,51539607565,0
13,12,51539607566,0
13,12,51539607567,0
13,12,51539607568,0
13,12,51539607569,0
13,12,51539607570,0
13,12,51539607571,1
13,12,51539607572,0
13,12,51539607573,0
13,12,51539607574,1
13,12,51539607575,110
14,12,51539607552,2761
14,12,51539607553,257
14,12,51539607554,294
14,12,51539607555,242
14,12,51539607556,426
14,12,51539607557,204
14,12,51539607558,1918
14,12,51539607559,3244
14,12,51539607560,75
14,12,51539607561,235
14,12,51539607562,289
14,12,51539607563,248
14,12,51539607564,107
14,12,51539607565,211
14,12,51539607566,101
14,12,51539607567,104
14,12,51539607568,93
14,12,51539607569,95
14,12,51539607570,120
14,12,51539607571,159
14,12,51539607572,180
14,12,51539607573,225
14,12,51539607574,107
14,12,51539607575,4171
15,12,51539607552,0
15,12,51539607553,0
15,12,51539607554,0
15,12,51539607555,0
15,12,51539607556,0
15,12,51539607557,0
15,12,51539607558,0
15,12,51539607559,0
15,12,51539607560,0
15,12,51539607561,0
15,12,51539607562,0
15,12,51539607563,0
15,12,51539607564,0
15,12,51539607565,0
15,12,51539607566,0
15,12,51539607567,0
15,12,51539607568,0
15,12,51539607569,0
15,12,51539607570,0
15,12,51539607571,0
15,12,51539607572,0
15,12,51539607573,0
15,12,51539607574,0
15,12,51539607575,0
