0,18,77309411328,6
0,18,77309411329,21
0,18,77309411330,1
0,18,77309411331,1
0,18,77309411332,1
0,18,77309411333,0
0,18,77309411334,18
0,18,77309411335,1
0,18,77309411336,0
0,18,77309411337,1
0,18,77309411338,1
0,18,77309411339,199
0,18,77309411340,0
0,18,77309411341,1
0,18,77309411342,1
0,18,77309411343,0
0,18,77309411344,3
0,18,77309411345,0
0,18,77309411346,0
0,18,77309411347,1
1,18,77309411328,3207
1,18,77309411329,3399
1,18,77309411330,2319
1,18,77309411331,3492
1,18,77309411332,2997
1,18,77309411333,3099
1,18,77309411334,2655
1,18,77309411335,2806
1,18,77309411336,2228
1,18,77309411337,4349
1,18,77309411338,4062
1,18,77309411339,4586
1,18,77309411340,2739
1,18,77309411341,2378
1,18,77309411342,2202
1,18,77309411343,2095
1,18,77309411344,2284
1,18,77309411345,471
1,18,77309411346,9
1,18,77309411347,9
2,18,77309411328,0
2,18,77309411329,0
2,18,77309411330,0
2,18,77309411331,0
2,18,77309411332,0
2,18,77309411333,1
2,18,77309411334,0
2,18,77309411335,0
2,18,77309411336,0
2,18,77309411337,0
2,18,77309411338,0
2,18,77309411339,469504
2,18,77309411340,0
2,18,77309411341,1
2,18,77309411342,0
2,18,77309411343,0
2,18,77309411344,0
2,18,77309411345,0
2,18,77309411346,0
2,18,77309411347,0
3,18,77309411328,3
3,18,77309411329,43
3,18,77309411330,1
3,18,77309411331,0
3,18,77309411332,0
3,18,77309411333,0
3,18,77309411334,82
3,18,77309411335,0
3,18,77309411336,0
3,18,77309411337,2
3,18,77309411338,1
3,18,77309411339,64442
3,18,77309411340,0
3,18,77309411341,34
3,18,77309411342,2
3,18,77309411343,0
3,18,77309411344,219
3,18,77309411345,0
3,18,77309411346,0
3,18,77309411347,1
4,18,77309411328,1
4,18,77309411329,42
4,18,77309411330,1
4,18,77309411331,0
4,18,77309411332,0
4,18,77309411333,0
4,18,77309411334,0
4,18,77309411335,0
4,18,77309411336,0
4,18,77309411337,2
4,18,77309411338,0
4,18,77309411339,25009
4,18,77309411340,0
4,18,77309411341,34
4,18,77309411342,2
4,18,77309411343,0
4,18,77309411344,0
4,18,77309411345,0
4,18,77309411346,0
4,18,77309411347,2
5,18,77309411328,0
5,18,77309411329,0
5,18,77309411330,0
5,18,77309411331,0
5,18,77309411332,0
5,18,77309411333,0
5,18,77309411334,0
5,18,77309411335,0
5,18,77309411336,0
5,18,77309411337,0
5,18,77309411338,0
5,18,77309411339,20
5,18,77309411340,0
5,18,77309411341,0
5,18,77309411342,0
5,18,77309411343,0
5,18,77309411344,0
5,18,77309411345,0
5,18,77309411346,0
5,18,77309411347,0
6,18,77309411328,0
6,18,77309411329,0
6,18,77309411330,0
6,18,77309411331,0
6,18,77309411332,0
6,18,77309411333,0
6,18,77309411334,0
6,18,77309411335,0
6,18,77309411336,0
6,18,77309411337,0
6,18,77309411338,0
6,18,77309411339,2
6,18,77309411340,0
6,18,77309411341,34
6,18,77309411342,0
6,18,77309411343,0
6,18,77309411344,0
6,18,77309411345,0
6,18,77309411346,0
6,18,77309411347,0
7,18,77309411328,0
7,18,77309411329,0
7,18,77309411330,0
7,18,77309411331,0
7,18,77309411332,0
7,18,77309411333,0
7,18,77309411334,0
7,18,77309411335,1
7,18,77309411336,0
7,18,77309411337,0
7,18,77309411338,0
7,18,77309411339,0
7,18,77309411340,0
7,18,77309411341,0
7,18,77309411342,0
7,18,77309411343,0
7,18,77309411344,0
7,18,77309411345,0
7,18,77309411346,0
7,18,77309411347,0
8,18,77309411328,0
8,18,77309411329,0
8,18,77309411330,0
8,18,77309411331,0
8,18,77309411332,0
8,18,77309411333,0
8,18,77309411334,0
8,18,77309411335,0
8,18,77309411336,0
8,18,77309411337,0
8,18,77309411338,0
8,18,77309411339,0
8,18,77309411340,0
8,18,77309411341,0
8,18,77309411342,0
8,18,77309411343,0
8,18,77309411344,0
8,18,77309411345,0
8,18,77309411346,0
8,18,77309411347,0
9,18,77309411328,0
9,18,77309411329,0
9,18,77309411330,0
9,18,77309411331,0
9,18,77309411332,0
9,18,77309411333,0
9,18,77309411334,0
9,18,77309411335,0
9,18,77309411336,0
9,18,77309411337,0
9,18,77309411338,0
9,18,77309411339,0
9,18,77309411340,0
9,18,77309411341,0
9,18,77309411342,0
9,18,77309411343,0
9,18,77309411344,0
9,18,77309411345,0
9,18,77309411346,0
9,18,77309411347,0
10,18,77309411328,0
10,18,77309411329,0
10,18,77309411330,0
10,18,77309411331,0
10,18,77309411332,0
10,18,77309411333,0
10,18,77309411334,0
10,18,77309411335,0
10,18,77309411336,0
10,18,77309411337,0
10,18,77309411338,0
10,18,77309411339,0
10,18,77309411340,0
10,18,77309411341,0
10,18,77309411342,0
10,18,77309411343,0
10,18,77309411344,0
10,18,77309411345,0
10,18,77309411346,0
10,18,77309411347,0
11,18,77309411328,0
11,18,77309411329,0
11,18,77309411330,0
11,18,77309411331,0
11,18,77309411332,0
11,18,77309411333,0
11,18,77309411334,0
11,18,77309411335,0
11,18,77309411336,0
11,18,77309411337,0
11,18,77309411338,0
11,18,77309411339,0
11,18,77309411340,0
11,18,77309411341,0
11,18,77309411342,0
11,18,77309411343,0
11,18,77309411344,0
11,18,77309411345,0
11,18,77309411346,0
11,18,77309411347,0
12,18,77309411328,6
12,18,77309411329,59
12,18,77309411330,2
12,18,77309411331,1
12,18,77309411332,0
12,18,77309411333,0
12,18,77309411334,47
12,18,77309411335,1
12,18,77309411336,1
12,18,77309411337,2
12,18,77309411338,1
12,18,77309411339,2419
12,18,77309411340,0
12,18,77309411341,2
12,18,77309411342,1
12,18,77309411343,0
12,18,77309411344,46
12,18,77309411345,0
12,18,77309411346,0
12,18,77309411347,0
13,18,77309411328,1
13,18,77309411329,2
13,18,77309411330,0
13,18,77309411331,0
13,18,77309411332,1
13,18,77309411333,1
13,18,77309411334,2
13,18,77309411335,1
13,18,77309411336,0
13,18,77309411337,1
13,18,77309411338,1
13,18,77309411339,114
13,18,77309411340,1
13,18,77309411341,1
13,18,77309411342,0
13,18,77309411343,0
13,18,77309411344,2
13,18,77309411345,0
13,18,77309411346,1
13,18,77309411347,0
14,18,77309411328,873
14,18,77309411329,605
14,18,77309411330,1400
14,18,77309411331,3579
14,18,77309411332,2005
14,18,77309411333,316
14,18,77309411334,300
14,18,77309411335,94
14,18,77309411336,141
14,18,77309411337,167
14,18,77309411338,209
14,18,77309411339,6035
14,18,77309411340,227
14,18,77309411341,144
14,18,77309411342,152
14,18,77309411343,203
14,18,77309411344,257
14,18,77309411345,267
14,18,77309411346,109
14,18,77309411347,268
15,18,77309411328,0
15,18,77309411329,0
15,18,77309411330,0
15,18,77309411331,0
15,18,77309411332,0
15,18,77309411333,0
15,18,77309411334,0
15,18,77309411335,0
15,18,77309411336,0
15,18,77309411337,0
15,18,77309411338,0
15,18,77309411339,0
15,18,77309411340,0
15,18,77309411341,0
15,18,77309411342,0
15,18,77309411343,0
15,18,77309411344,0
15,18,77309411345,0
15,18,77309411346,0
15,18,77309411347,0
