0,24,103079215104,3
0,24,103079215105,1
0,24,103079215106,2
0,24,103079215107,1
0,24,103079215108,1
0,24,103079215109,2
0,24,103079215110,1
0,24,103079215111,1
0,24,103079215112,1
0,24,103079215113,1
0,24,103079215114,2
0,24,103079215115,2
0,24,103079215116,1
0,24,103079215117,4
0,24,103079215118,1
0,24,103079215119,1
0,24,103079215120,2
0,24,103079215121,1
0,24,103079215122,0
0,24,103079215123,1
0,24,103079215124,0
0,24,103079215125,3
0,24,103079215126,35
0,24,103079215127,1
0,24,103079215128,0
0,24,103079215129,239
0,24,103079215130,0
0,24,103079215131,1
0,24,103079215132,0
0,24,103079215133,1
0,24,103079215134,0
0,24,103079215135,0
0,24,103079215136,1
0,24,103079215137,0
1,24,103079215104,3580
1,24,103079215105,3767
1,24,103079215106,2854
1,24,103079215107,3054
1,24,103079215108,3133
1,24,103079215109,3223
1,24,103079215110,4111
1,24,103079215111,2428
1,24,103079215112,4422
1,24,103079215113,637
1,24,103079215114,4388
1,24,103079215115,4562
1,24,103079215116,2679
1,24,103079215117,2594
1,24,103079215118,2788
1,24,103079215119,1741
1,24,103079215120,2547
1,24,103079215121,2009
1,24,103079215122,2396
1,24,103079215123,4535
1,24,103079215124,1558
1,24,103079215125,2752
1,24,103079215126,294
1,24,103079215127,24
1,24,103079215128,17
1,24,103079215129,17
1,24,103079215130,19
1,24,103079215131,34
1,24,103079215132,32
1,24,103079215133,35
1,24,103079215134,30
1,24,103079215135,20
1,24,103079215136,15
1,24,103079215137,15
2,24,103079215104,0
2,24,103079215105,0
2,24,103079215106,0
2,24,103079215107,0
2,24,103079215108,0
2,24,103079215109,0
2,24,103079215110,0
2,24,103079215111,0
2,24,103079215112,0
2,24,103079215113,0
2,24,103079215114,0
2,24,103079215115,0
2,24,103079215116,0
2,24,103079215117,0
2,24,103079215118,0
2,24,103079215119,0
2,24,103079215120,0
2,24,103079215121,0
2,24,103079215122,0
2,24,103079215123,0
2,24,103079215124,0
2,24,103079215125,0
2,24,103079215126,0
2,24,103079215127,0
2,24,103079215128,0
2,24,103079215129,662328
2,24,103079215130,0
2,24,103079215131,0
2,24,103079215132,1
2,24,103079215133,0
2,24,103079215134,0
2,24,103079215135,0
2,24,103079215136,0
2,24,103079215137,0
3,24,103079215104,0
3,24,103079215105,0
3,24,103079215106,0
3,24,103079215107,0
3,24,103079215108,0
3,24,103079215109,0
3,24,103079215110,0
3,24,103079215111,0
3,24,103079215112,0
3,24,103079215113,1
3,24,103079215114,0
3,24,103079215115,0
3,24,103079215116,0
3,24,103079215117,0
3,24,103079215118,0
3,24,103079215119,0
3,24,103079215120,0
3,24,103079215121,0
3,24,103079215122,0
3,24,103079215123,0
3,24,103079215124,0
3,24,103079215125,0
3,24,103079215126,285
3,24,103079215127,0
3,24,103079215128,1
3,24,103079215129,566
3,24,103079215130,0
3,24,103079215131,0
3,24,103079215132,0
3,24,103079215133,0
3,24,103079215134,0
3,24,103079215135,0
3,24,103079215136,0
3,24,103079215137,0
4,24,103079215104,1
4,24,103079215105,0
4,24,103079215106,0
4,24,103079215107,0
4,24,103079215108,0
4,24,103079215109,0
4,24,103079215110,0
4,24,103079215111,0
4,24,103079215112,0
4,24,103079215113,1
4,24,103079215114,0
4,24,103079215115,0
4,24,103079215116,0
4,24,103079215117,1
4,24,103079215118,0
4,24,103079215119,1
4,24,103079215120,0
4,24,103079215121,1
4,24,103079215122,0
4,24,103079215123,0
4,24,103079215124,0
4,24,103079215125,0
4,24,103079215126,258
4,24,103079215127,0
4,24,103079215128,0
4,24,103079215129,26320
4,24,103079215130,0
4,24,103079215131,0
4,24,103079215132,0
4,24,103079215133,0
4,24,103079215134,0
4,24,103079215135,0
4,24,103079215136,0
4,24,103079215137,0
5,24,103079215104,0
5,24,103079215105,0
5,24,103079215106,1
5,24,103079215107,0
5,24,103079215108,0
5,24,103079215109,0
5,24,103079215110,0
5,24,103079215111,0
5,24,103079215112,0
5,24,103079215113,0
5,24,103079215114,0
5,24,103079215115,0
5,24,103079215116,0
5,24,103079215117,1
5,24,103079215118,0
5,24,103079215119,0
5,24,103079215120,0
5,24,103079215121,1
5,24,103079215122,0
5,24,103079215123,0
5,24,103079215124,0
5,24,103079215125,0
5,24,103079215126,0
5,24,103079215127,0
5,24,103079215128,0
5,24,103079215129,388
5,24,103079215130,0
5,24,103079215131,1
5,24,103079215132,0
5,24,103079215133,0
5,24,103079215134,0
5,24,103079215135,0
5,24,103079215136,0
5,24,103079215137,0
6,24,103079215104,0
6,24,103079215105,0
6,24,103079215106,0
6,24,103079215107,0
6,24,103079215108,0
6,24,103079215109,0
6,24,103079215110,0
6,24,103079215111,0
6,24,103079215112,0
6,24,103079215113,0
6,24,103079215114,0
6,24,103079215115,0
6,24,103079215116,0
6,24,103079215117,2
6,24,103079215118,0
6,24,103079215119,0
6,24,103079215120,0
6,24,103079215121,0
6,24,103079215122,0
6,24,103079215123,0
6,24,103079215124,0
6,24,103079215125,0
6,24,103079215126,0
6,24,103079215127,0
6,24,103079215128,0
6,24,103079215129,39
6,24,103079215130,0
6,24,103079215131,0
6,24,103079215132,0
6,24,103079215133,0
6,24,103079215134,0
6,24,103079215135,0
6,24,103079215136,0
6,24,103079215137,0
7,24,103079215104,0
7,24,103079215105,0
7,24,103079215106,0
7,24,103079215107,0
7,24,103079215108,0
7,24,103079215109,0
7,24,103079215110,0
7,24,103079215111,0
7,24,103079215112,0
7,24,103079215113,1
7,24,103079215114,0
7,24,103079215115,0
7,24,103079215116,0
7,24,103079215117,0
7,24,103079215118,0
7,24,103079215119,0
7,24,103079215120,0
7,24,103079215121,0
7,24,103079215122,0
7,24,103079215123,0
7,24,103079215124,0
7,24,103079215125,0
7,24,103079215126,1
7,24,103079215127,0
7,24,103079215128,0
7,24,103079215129,0
7,24,103079215130,0
7,24,103079215131,0
7,24,103079215132,1
7,24,103079215133,0
7,24,103079215134,0
7,24,103079215135,0
7,24,103079215136,0
7,24,103079215137,0
8,24,103079215104,0
8,24,103079215105,0
8,24,103079215106,0
8,24,103079215107,0
8,24,103079215108,0
8,24,103079215109,0
8,24,103079215110,1
8,24,103079215111,0
8,24,103079215112,0
8,24,103079215113,0
8,24,103079215114,0
8,24,103079215115,0
8,24,103079215116,0
8,24,103079215117,0
8,24,103079215118,0
8,24,103079215119,0
8,24,103079215120,0
8,24,103079215121,0
8,24,103079215122,0
8,24,103079215123,0
8,24,103079215124,0
8,24,103079215125,1
8,24,103079215126,0
8,24,103079215127,0
8,24,103079215128,0
8,24,103079215129,0
8,24,103079215130,0
8,24,103079215131,0
8,24,103079215132,0
8,24,103079215133,0
8,24,103079215134,0
8,24,103079215135,0
8,24,103079215136,0
8,24,103079215137,0
9,24,103079215104,0
9,24,103079215105,0
9,24,103079215106,0
9,24,103079215107,0
9,24,103079215108,0
9,24,103079215109,0
9,24,103079215110,0
9,24,103079215111,0
9,24,103079215112,0
9,24,103079215113,0
9,24,103079215114,0
9,24,103079215115,0
9,24,103079215116,0
9,24,103079215117,0
9,24,103079215118,0
9,24,103079215119,0
9,24,103079215120,0
9,24,103079215121,0
9,24,103079215122,0
9,24,103079215123,0
9,24,103079215124,0
9,24,103079215125,0
9,24,103079215126,0
9,24,103079215127,0
9,24,103079215128,0
9,24,103079215129,0
9,24,103079215130,0
9,24,103079215131,0
9,24,103079215132,0
9,24,103079215133,0
9,24,103079215134,0
9,24,103079215135,0
9,24,103079215136,0
9,24,103079215137,1
10,24,103079215104,0
10,24,103079215105,0
10,24,103079215106,0
10,24,103079215107,0
10,24,103079215108,0
10,24,103079215109,0
10,24,103079215110,0
10,24,103079215111,0
10,24,103079215112,0
10,24,103079215113,0
10,24,103079215114,0
10,24,103079215115,0
10,24,103079215116,0
10,24,103079215117,0
10,24,103079215118,0
10,24,103079215119,0
10,24,103079215120,0
10,24,103079215121,0
10,24,103079215122,0
10,24,103079215123,0
10,24,103079215124,0
10,24,103079215125,0
10,24,103079215126,0
10,24,103079215127,0
10,24,103079215128,0
10,24,103079215129,0
10,24,103079215130,0
10,24,103079215131,1
10,24,103079215132,0
10,24,103079215133,0
10,24,103079215134,0
10,24,103079215135,0
10,24,103079215136,0
10,24,103079215137,0
11,24,103079215104,0
11,24,103079215105,0
11,24,103079215106,0
11,24,103079215107,0
11,24,103079215108,0
11,24,103079215109,0
11,24,103079215110,0
11,24,103079215111,0
11,24,103079215112,0
11,24,103079215113,0
11,24,103079215114,0
11,24,103079215115,0
11,24,103079215116,0
11,24,103079215117,0
11,24,103079215118,0
11,24,103079215119,0
11,24,103079215120,0
11,24,103079215121,0
11,24,103079215122,0
11,24,103079215123,0
11,24,103079215124,0
11,24,103079215125,0
11,24,103079215126,0
11,24,103079215127,0
11,24,103079215128,0
11,24,103079215129,0
11,24,103079215130,0
11,24,103079215131,0
11,24,103079215132,0
11,24,103079215133,0
11,24,103079215134,0
11,24,103079215135,0
11,24,103079215136,0
11,24,103079215137,0
12,24,103079215104,0
12,24,103079215105,0
12,24,103079215106,1
12,24,103079215107,0
12,24,103079215108,0
12,24,103079215109,0
12,24,103079215110,1
12,24,103079215111,1
12,24,103079215112,0
12,24,103079215113,0
12,24,103079215114,1
12,24,103079215115,4
12,24,103079215116,0
12,24,103079215117,5
12,24,103079215118,1
12,24,103079215119,0
12,24,103079215120,4
12,24,103079215121,1
12,24,103079215122,0
12,24,103079215123,0
12,24,103079215124,0
12,24,103079215125,2
12,24,103079215126,180
12,24,103079215127,0
12,24,103079215128,0
12,24,103079215129,2987
12,24,103079215130,0
12,24,103079215131,0
12,24,103079215132,0
12,24,103079215133,0
12,24,103079215134,0
12,24,103079215135,0
12,24,103079215136,0
12,24,103079215137,0
13,24,103079215104,1
13,24,103079215105,1
13,24,103079215106,1
13,24,103079215107,1
13,24,103079215108,1
13,24,103079215109,1
13,24,103079215110,1
13,24,103079215111,0
13,24,103079215112,1
13,24,103079215113,1
13,24,103079215114,1
13,24,103079215115,1
13,24,103079215116,1
13,24,103079215117,0
13,24,103079215118,1
13,24,103079215119,0
13,24,103079215120,0
13,24,103079215121,1
13,24,103079215122,0
13,24,103079215123,0
13,24,103079215124,1
13,24,103079215125,0
13,24,103079215126,2
13,24,103079215127,0
13,24,103079215128,0
13,24,103079215129,695
13,24,103079215130,1
13,24,103079215131,0
13,24,103079215132,1
13,24,103079215133,0
13,24,103079215134,0
13,24,103079215135,1
13,24,103079215136,0
13,24,103079215137,0
14,24,103079215104,519
14,24,103079215105,371
14,24,103079215106,308
14,24,103079215107,479
14,24,103079215108,592
14,24,103079215109,695
14,24,103079215110,306
14,24,103079215111,258
14,24,103079215112,226
14,24,103079215113,322
14,24,103079215114,207
14,24,103079215115,204
14,24,103079215116,290
14,24,103079215117,138
14,24,103079215118,309
14,24,103079215119,206
14,24,103079215120,3073
14,24,103079215121,3497
14,24,103079215122,317
14,24,103079215123,214
14,24,103079215124,341
14,24,103079215125,195
14,24,103079215126,554
14,24,103079215127,101
14,24,103079215128,242
14,24,103079215129,4230
14,24,103079215130,364
14,24,103079215131,374
14,24,103079215132,74
14,24,103079215133,101
14,24,103079215134,79
14,24,103079215135,90
14,24,103079215136,99
14,24,103079215137,94
15,24,103079215104,0
15,24,103079215105,0
15,24,103079215106,0
15,24,103079215107,0
15,24,103079215108,0
15,24,103079215109,0
15,24,103079215110,0
15,24,103079215111,0
15,24,103079215112,0
15,24,103079215113,0
15,24,103079215114,0
15,24,103079215115,0
15,24,103079215116,0
15,24,103079215117,0
15,24,103079215118,0
15,24,103079215119,0
15,24,103079215120,0
15,24,103079215121,0
15,24,103079215122,0
15,24,103079215123,0
15,24,103079215124,0
15,24,103079215125,0
15,24,103079215126,0
15,24,103079215127,0
15,24,103079215128,0
15,24,103079215129,0
15,24,103079215130,0
15,24,103079215131,0
15,24,103079215132,0
15,24,103079215133,0
15,24,103079215134,0
15,24,103079215135,0
15,24,103079215136,0
15,24,103079215137,0
