0,22,94489280512,2
0,22,94489280513,2
0,22,94489280514,1
0,22,94489280515,4
0,22,94489280516,1
0,22,94489280517,1
0,22,94489280518,0
0,22,94489280519,1
0,22,94489280520,1
0,22,94489280521,1
0,22,94489280522,39
0,22,94489280523,1
0,22,94489280524,1
0,22,94489280525,0
0,22,94489280526,1
0,22,94489280527,1
0,22,94489280528,0
0,22,94489280529,11
0,22,94489280530,1
0,22,94489280531,1
0,22,94489280532,1
0,22,94489280533,0
0,22,94489280534,1
0,22,94489280535,1
0,22,94489280536,1
0,22,94489280537,0
0,22,94489280538,1
0,22,94489280539,0
0,22,94489280540,1
0,22,94489280541,1
0,22,94489280542,0
0,22,94489280543,250
0,22,94489280544,0
0,22,94489280545,1
0,22,94489280546,1
0,22,94489280547,1
0,22,94489280548,1
0,22,94489280549,0
0,22,94489280550,1
0,22,94489280551,1
0,22,94489280552,1
0,22,94489280553,0
1,22,94489280512,3260
1,22,94489280513,3356
1,22,94489280514,2738
1,22,94489280515,3155
1,22,94489280516,3283
1,22,94489280517,3114
1,22,94489280518,2470
1,22,94489280519,2512
1,22,94489280520,2412
1,22,94489280521,3987
1,22,94489280522,3545
1,22,94489280523,2434
1,22,94489280524,4955
1,22,94489280525,1284
1,22,94489280526,2835
1,22,94489280527,2410
1,22,94489280528,1884
1,22,94489280529,2396
1,22,94489280530,1941
1,22,94489280531,1788
1,22,94489280532,4700
1,22,94489280533,1642
1,22,94489280534,2651
1,22,94489280535,1364
1,22,94489280536,1940
1,22,94489280537,2150
1,22,94489280538,2217
1,22,94489280539,1514
1,22,94489280540,1930
1,22,94489280541,1188
1,22,94489280542,1414
1,22,94489280543,1163
1,22,94489280544,921
1,22,94489280545,618
1,22,94489280546,15
1,22,94489280547,34
1,22,94489280548,14
1,22,94489280549,14
1,22,94489280550,27
1,22,94489280551,14
1,22,94489280552,14
1,22,94489280553,14
2,22,94489280512,25
2,22,94489280513,0
2,22,94489280514,0
2,22,94489280515,0
2,22,94489280516,0
2,22,94489280517,0
2,22,94489280518,0
2,22,94489280519,0
2,22,94489280520,0
2,22,94489280521,0
2,22,94489280522,0
2,22,94489280523,0
2,22,94489280524,0
2,22,94489280525,0
2,22,94489280526,0
2,22,94489280527,0
2,22,94489280528,0
2,22,94489280529,0
2,22,94489280530,0
2,22,94489280531,0
2,22,94489280532,0
2,22,94489280533,0
2,22,94489280534,0
2,22,94489280535,0
2,22,94489280536,0
2,22,94489280537,0
2,22,94489280538,0
2,22,94489280539,0
2,22,94489280540,0
2,22,94489280541,0
2,22,94489280542,0
2,22,94489280543,0
2,22,94489280544,0
2,22,94489280545,0
2,22,94489280546,0
2,22,94489280547,0
2,22,94489280548,0
2,22,94489280549,0
2,22,94489280550,0
2,22,94489280551,0
2,22,94489280552,0
2,22,94489280553,0
3,22,94489280512,2
3,22,94489280513,0
3,22,94489280514,0
3,22,94489280515,439
3,22,94489280516,0
3,22,94489280517,0
3,22,94489280518,0
3,22,94489280519,0
3,22,94489280520,0
3,22,94489280521,0
3,22,94489280522,4716
3,22,94489280523,0
3,22,94489280524,0
3,22,94489280525,0
3,22,94489280526,0
3,22,94489280527,8
3,22,94489280528,0
3,22,94489280529,0
3,22,94489280530,11
3,22,94489280531,0
3,22,94489280532,0
3,22,94489280533,0
3,22,94489280534,0
3,22,94489280535,0
3,22,94489280536,0
3,22,94489280537,0
3,22,94489280538,0
3,22,94489280539,0
3,22,94489280540,0
3,22,94489280541,0
3,22,94489280542,0
3,22,94489280543,2146323
3,22,94489280544,0
3,22,94489280545,0
3,22,94489280546,2
3,22,94489280547,0
3,22,94489280548,0
3,22,94489280549,0
3,22,94489280550,1
3,22,94489280551,0
3,22,94489280552,0
3,22,94489280553,1
4,22,94489280512,1
4,22,94489280513,0
4,22,94489280514,0
4,22,94489280515,6
4,22,94489280516,0
4,22,94489280517,0
4,22,94489280518,0
4,22,94489280519,0
4,22,94489280520,1
4,22,94489280521,0
4,22,94489280522,1
4,22,94489280523,0
4,22,94489280524,0
4,22,94489280525,0
4,22,94489280526,0
4,22,94489280527,0
4,22,94489280528,0
4,22,94489280529,0
4,22,94489280530,0
4,22,94489280531,2
4,22,94489280532,0
4,22,94489280533,0
4,22,94489280534,0
4,22,94489280535,1
4,22,94489280536,1
4,22,94489280537,0
4,22,94489280538,0
4,22,94489280539,0
4,22,94489280540,1
4,22,94489280541,0
4,22,94489280542,1
4,22,94489280543,41956
4,22,94489280544,0
4,22,94489280545,0
4,22,94489280546,3
4,22,94489280547,13
4,22,94489280548,0
4,22,94489280549,0
4,22,94489280550,1
4,22,94489280551,0
4,22,94489280552,1
4,22,94489280553,0
5,22,94489280512,0
5,22,94489280513,0
5,22,94489280514,1
5,22,94489280515,0
5,22,94489280516,0
5,22,94489280517,0
5,22,94489280518,0
5,22,94489280519,0
5,22,94489280520,0
5,22,94489280521,0
5,22,94489280522,1
5,22,94489280523,0
5,22,94489280524,0
5,22,94489280525,0
5,22,94489280526,0
5,22,94489280527,0
5,22,94489280528,0
5,22,94489280529,80
5,22,94489280530,0
5,22,94489280531,0
5,22,94489280532,0
5,22,94489280533,0
5,22,94489280534,0
5,22,94489280535,1
5,22,94489280536,0
5,22,94489280537,0
5,22,94489280538,0
5,22,94489280539,0
5,22,94489280540,0
5,22,94489280541,0
5,22,94489280542,0
5,22,94489280543,938
5,22,94489280544,0
5,22,94489280545,0
5,22,94489280546,0
5,22,94489280547,6
5,22,94489280548,0
5,22,94489280549,1
5,22,94489280550,0
5,22,94489280551,0
5,22,94489280552,1
5,22,94489280553,0
6,22,94489280512,0
6,22,94489280513,0
6,22,94489280514,0
6,22,94489280515,0
6,22,94489280516,0
6,22,94489280517,0
6,22,94489280518,0
6,22,94489280519,0
6,22,94489280520,0
6,22,94489280521,0
6,22,94489280522,0
6,22,94489280523,0
6,22,94489280524,0
6,22,94489280525,0
6,22,94489280526,0
6,22,94489280527,0
6,22,94489280528,0
6,22,94489280529,0
6,22,94489280530,1
6,22,94489280531,1
6,22,94489280532,0
6,22,94489280533,0
6,22,94489280534,0
6,22,94489280535,0
6,22,94489280536,0
6,22,94489280537,0
6,22,94489280538,0
6,22,94489280539,0
6,22,94489280540,0
6,22,94489280541,0
6,22,94489280542,0
6,22,94489280543,106
6,22,94489280544,0
6,22,94489280545,0
6,22,94489280546,0
6,22,94489280547,16
6,22,94489280548,0
6,22,94489280549,0
6,22,94489280550,0
6,22,94489280551,0
6,22,94489280552,0
6,22,94489280553,0
7,22,94489280512,0
7,22,94489280513,0
7,22,94489280514,0
7,22,94489280515,0
7,22,94489280516,0
7,22,94489280517,0
7,22,94489280518,0
7,22,94489280519,0
7,22,94489280520,0
7,22,94489280521,0
7,22,94489280522,0
7,22,94489280523,0
7,22,94489280524,0
7,22,94489280525,0
7,22,94489280526,0
7,22,94489280527,0
7,22,94489280528,0
7,22,94489280529,0
7,22,94489280530,0
7,22,94489280531,0
7,22,94489280532,0
7,22,94489280533,0
7,22,94489280534,0
7,22,94489280535,0
7,22,94489280536,0
7,22,94489280537,0
7,22,94489280538,0
7,22,94489280539,0
7,22,94489280540,0
7,22,94489280541,0
7,22,94489280542,0
7,22,94489280543,2
7,22,94489280544,0
7,22,94489280545,0
7,22,94489280546,0
7,22,94489280547,0
7,22,94489280548,0
7,22,94489280549,0
7,22,94489280550,0
7,22,94489280551,0
7,22,94489280552,0
7,22,94489280553,0
8,22,94489280512,0
8,22,94489280513,0
8,22,94489280514,0
8,22,94489280515,0
8,22,94489280516,0
8,22,94489280517,0
8,22,94489280518,0
8,22,94489280519,0
8,22,94489280520,0
8,22,94489280521,0
8,22,94489280522,0
8,22,94489280523,0
8,22,94489280524,0
8,22,94489280525,0
8,22,94489280526,0
8,22,94489280527,0
8,22,94489280528,0
8,22,94489280529,0
8,22,94489280530,0
8,22,94489280531,0
8,22,94489280532,0
8,22,94489280533,0
8,22,94489280534,0
8,22,94489280535,0
8,22,94489280536,0
8,22,94489280537,1
8,22,94489280538,0
8,22,94489280539,0
8,22,94489280540,0
8,22,94489280541,0
8,22,94489280542,0
8,22,94489280543,0
8,22,94489280544,0
8,22,94489280545,0
8,22,94489280546,0
8,22,94489280547,0
8,22,94489280548,0
8,22,94489280549,0
8,22,94489280550,0
8,22,94489280551,0
8,22,94489280552,0
8,22,94489280553,0
9,22,94489280512,0
9,22,94489280513,0
9,22,94489280514,0
9,22,94489280515,0
9,22,94489280516,0
9,22,94489280517,0
9,22,94489280518,0
9,22,94489280519,0
9,22,94489280520,0
9,22,94489280521,0
9,22,94489280522,0
9,22,94489280523,0
9,22,94489280524,0
9,22,94489280525,0
9,22,94489280526,0
9,22,94489280527,0
9,22,94489280528,0
9,22,94489280529,0
9,22,94489280530,0
9,22,94489280531,0
9,22,94489280532,0
9,22,94489280533,0
9,22,94489280534,0
9,22,94489280535,0
9,22,94489280536,0
9,22,94489280537,0
9,22,94489280538,0
9,22,94489280539,0
9,22,94489280540,0
9,22,94489280541,0
9,22,94489280542,0
9,22,94489280543,0
9,22,94489280544,0
9,22,94489280545,0
9,22,94489280546,0
9,22,94489280547,0
9,22,94489280548,0
9,22,94489280549,0
9,22,94489280550,0
9,22,94489280551,0
9,22,94489280552,0
9,22,94489280553,0
10,22,94489280512,0
10,22,94489280513,0
10,22,94489280514,0
10,22,94489280515,0
10,22,94489280516,0
10,22,94489280517,0
10,22,94489280518,0
10,22,94489280519,0
10,22,94489280520,0
10,22,94489280521,0
10,22,94489280522,1
10,22,94489280523,0
10,22,94489280524,0
10,22,94489280525,0
10,22,94489280526,0
10,22,94489280527,0
10,22,94489280528,0
10,22,94489280529,0
10,22,94489280530,0
10,22,94489280531,0
10,22,94489280532,0
10,22,94489280533,0
10,22,94489280534,0
10,22,94489280535,0
10,22,94489280536,0
10,22,94489280537,0
10,22,94489280538,0
10,22,94489280539,0
10,22,94489280540,0
10,22,94489280541,0
10,22,94489280542,0
10,22,94489280543,0
10,22,94489280544,0
10,22,94489280545,0
10,22,94489280546,0
10,22,94489280547,0
10,22,94489280548,0
10,22,94489280549,0
10,22,94489280550,0
10,22,94489280551,0
10,22,94489280552,0
10,22,94489280553,0
11,22,94489280512,0
11,22,94489280513,0
11,22,94489280514,0
11,22,94489280515,0
11,22,94489280516,0
11,22,94489280517,0
11,22,94489280518,0
11,22,94489280519,0
11,22,94489280520,0
11,22,94489280521,0
11,22,94489280522,0
11,22,94489280523,0
11,22,94489280524,0
11,22,94489280525,0
11,22,94489280526,0
11,22,94489280527,0
11,22,94489280528,0
11,22,94489280529,0
11,22,94489280530,0
11,22,94489280531,0
11,22,94489280532,0
11,22,94489280533,0
11,22,94489280534,0
11,22,94489280535,0
11,22,94489280536,0
11,22,94489280537,0
11,22,94489280538,0
11,22,94489280539,0
11,22,94489280540,0
11,22,94489280541,0
11,22,94489280542,0
11,22,94489280543,0
11,22,94489280544,0
11,22,94489280545,0
11,22,94489280546,0
11,22,94489280547,0
11,22,94489280548,0
11,22,94489280549,0
11,22,94489280550,0
11,22,94489280551,0
11,22,94489280552,0
11,22,94489280553,0
12,22,94489280512,1
12,22,94489280513,0
12,22,94489280514,1
12,22,94489280515,5
12,22,94489280516,0
12,22,94489280517,0
12,22,94489280518,0
12,22,94489280519,0
12,22,94489280520,2
12,22,94489280521,1
12,22,94489280522,261
12,22,94489280523,0
12,22,94489280524,0
12,22,94489280525,0
12,22,94489280526,0
12,22,94489280527,0
12,22,94489280528,0
12,22,94489280529,7
12,22,94489280530,0
12,22,94489280531,1
12,22,94489280532,0
12,22,94489280533,0
12,22,94489280534,0
12,22,94489280535,0
12,22,94489280536,0
12,22,94489280537,0
12,22,94489280538,1
12,22,94489280539,0
12,22,94489280540,0
12,22,94489280541,0
12,22,94489280542,0
12,22,94489280543,5179
12,22,94489280544,0
12,22,94489280545,0
12,22,94489280546,1
12,22,94489280547,1
12,22,94489280548,0
12,22,94489280549,1
12,22,94489280550,0
12,22,94489280551,0
12,22,94489280552,1
12,22,94489280553,0
13,22,94489280512,0
13,22,94489280513,0
13,22,94489280514,1
13,22,94489280515,1
13,22,94489280516,0
13,22,94489280517,1
13,22,94489280518,1
13,22,94489280519,0
13,22,94489280520,1
13,22,94489280521,0
13,22,94489280522,3
13,22,94489280523,0
13,22,94489280524,1
13,22,94489280525,0
13,22,94489280526,1
13,22,94489280527,0
13,22,94489280528,0
13,22,94489280529,2
13,22,94489280530,0
13,22,94489280531,1
13,22,94489280532,1
13,22,94489280533,0
13,22,94489280534,1
13,22,94489280535,0
13,22,94489280536,1
13,22,94489280537,1
13,22,94489280538,0
13,22,94489280539,1
13,22,94489280540,0
13,22,94489280541,1
13,22,94489280542,0
13,22,94489280543,431
13,22,94489280544,0
13,22,94489280545,1
13,22,94489280546,0
13,22,94489280547,1
13,22,94489280548,0
13,22,94489280549,1
13,22,94489280550,0
13,22,94489280551,1
13,22,94489280552,0
13,22,94489280553,0
14,22,94489280512,642
14,22,94489280513,465
14,22,94489280514,390
14,22,94489280515,301
14,22,94489280516,4712
14,22,94489280517,2107
14,22,94489280518,98
14,22,94489280519,127
14,22,94489280520,166
14,22,94489280521,144
14,22,94489280522,276
14,22,94489280523,97
14,22,94489280524,240
14,22,94489280525,83
14,22,94489280526,457
14,22,94489280527,208
14,22,94489280528,210
14,22,94489280529,417
14,22,94489280530,189
14,22,94489280531,113
14,22,94489280532,166
14,22,94489280533,242
14,22,94489280534,801
14,22,94489280535,183
14,22,94489280536,351
14,22,94489280537,99
14,22,94489280538,161
14,22,94489280539,208
14,22,94489280540,192
14,22,94489280541,448
14,22,94489280542,93
14,22,94489280543,5969
14,22,94489280544,194
14,22,94489280545,984
14,22,94489280546,957
14,22,94489280547,148
14,22,94489280548,124
14,22,94489280549,883
14,22,94489280550,985
14,22,94489280551,985
14,22,94489280552,79
14,22,94489280553,84
15,22,94489280512,0
15,22,94489280513,0
15,22,94489280514,0
15,22,94489280515,0
15,22,94489280516,0
15,22,94489280517,0
15,22,94489280518,0
15,22,94489280519,0
15,22,94489280520,0
15,22,94489280521,0
15,22,94489280522,0
15,22,94489280523,0
15,22,94489280524,0
15,22,94489280525,0
15,22,94489280526,0
15,22,94489280527,0
15,22,94489280528,0
15,22,94489280529,0
15,22,94489280530,0
15,22,94489280531,0
15,22,94489280532,0
15,22,94489280533,0
15,22,94489280534,0
15,22,94489280535,0
15,22,94489280536,0
15,22,94489280537,0
15,22,94489280538,0
15,22,94489280539,0
15,22,94489280540,0
15,22,94489280541,0
15,22,94489280542,0
15,22,94489280543,0
15,22,94489280544,0
15,22,94489280545,0
15,22,94489280546,0
15,22,94489280547,0
15,22,94489280548,0
15,22,94489280549,0
15,22,94489280550,0
15,22,94489280551,0
15,22,94489280552,0
15,22,94489280553,0
