0,38,163208757248,3
0,38,163208757249,1
0,38,163208757250,2
0,38,163208757251,48
0,38,163208757252,0
0,38,163208757253,1
0,38,163208757254,1
0,38,163208757255,0
0,38,163208757256,1
0,38,163208757257,0
0,38,163208757258,1
0,38,163208757259,2
0,38,163208757260,1
0,38,163208757261,6
0,38,163208757262,0
0,38,163208757263,1
0,38,163208757264,1
0,38,163208757265,1
0,38,163208757266,0
0,38,163208757267,1
0,38,163208757268,0
0,38,163208757269,201
1,38,163208757248,3129
1,38,163208757249,3558
1,38,163208757250,3608
1,38,163208757251,2904
1,38,163208757252,3048
1,38,163208757253,3056
1,38,163208757254,3014
1,38,163208757255,2772
1,38,163208757256,4038
1,38,163208757257,2018
1,38,163208757258,4162
1,38,163208757259,4763
1,38,163208757260,2880
1,38,163208757261,2602
1,38,163208757262,2436
1,38,163208757263,245
1,38,163208757264,2176
1,38,163208757265,2336
1,38,163208757266,2042
1,38,163208757267,2246
1,38,163208757268,4276
1,38,163208757269,1791
2,38,163208757248,0
2,38,163208757249,0
2,38,163208757250,0
2,38,163208757251,0
2,38,163208757252,0
2,38,163208757253,0
2,38,163208757254,0
2,38,163208757255,0
2,38,163208757256,0
2,38,163208757257,0
2,38,163208757258,0
2,38,163208757259,0
2,38,163208757260,0
2,38,163208757261,0
2,38,163208757262,0
2,38,163208757263,0
2,38,163208757264,0
2,38,163208757265,0
2,38,163208757266,0
2,38,163208757267,0
2,38,163208757268,0
2,38,163208757269,0
3,38,163208757248,0
3,38,163208757249,0
3,38,163208757250,0
3,38,163208757251,0
3,38,163208757252,0
3,38,163208757253,1
3,38,163208757254,0
3,38,163208757255,0
3,38,163208757256,0
3,38,163208757257,0
3,38,163208757258,0
3,38,163208757259,0
3,38,163208757260,21
3,38,163208757261,0
3,38,163208757262,0
3,38,163208757263,0
3,38,163208757264,0
3,38,163208757265,5
3,38,163208757266,0
3,38,163208757267,0
3,38,163208757268,0
3,38,163208757269,1911023
4,38,163208757248,1
4,38,163208757249,0
4,38,163208757250,1
4,38,163208757251,162
4,38,163208757252,0
4,38,163208757253,1
4,38,163208757254,0
4,38,163208757255,1
4,38,163208757256,0
4,38,163208757257,0
4,38,163208757258,1
4,38,163208757259,1
4,38,163208757260,0
4,38,163208757261,43
4,38,163208757262,1
4,38,163208757263,0
4,38,163208757264,1
4,38,163208757265,1
4,38,163208757266,0
4,38,163208757267,0
4,38,163208757268,0
4,38,163208757269,100805
5,38,163208757248,0
5,38,163208757249,0
5,38,163208757250,0
5,38,163208757251,0
5,38,163208757252,0
5,38,163208757253,1
5,38,163208757254,0
5,38,163208757255,0
5,38,163208757256,1
5,38,163208757257,0
5,38,163208757258,0
5,38,163208757259,1
5,38,163208757260,0
5,38,163208757261,20
5,38,163208757262,0
5,38,163208757263,0
5,38,163208757264,0
5,38,163208757265,0
5,38,163208757266,0
5,38,163208757267,0
5,38,163208757268,0
5,38,163208757269,1603
6,38,163208757248,0
6,38,163208757249,0
6,38,163208757250,0
6,38,163208757251,0
6,38,163208757252,0
6,38,163208757253,0
6,38,163208757254,0
6,38,163208757255,0
6,38,163208757256,0
6,38,163208757257,0
6,38,163208757258,0
6,38,163208757259,0
6,38,163208757260,0
6,38,163208757261,39
6,38,163208757262,0
6,38,163208757263,0
6,38,163208757264,0
6,38,163208757265,0
6,38,163208757266,0
6,38,163208757267,0
6,38,163208757268,0
6,38,163208757269,280
7,38,163208757248,0
7,38,163208757249,0
7,38,163208757250,0
7,38,163208757251,0
7,38,163208757252,0
7,38,163208757253,0
7,38,163208757254,0
7,38,163208757255,0
7,38,163208757256,1
7,38,163208757257,0
7,38,163208757258,0
7,38,163208757259,0
7,38,163208757260,0
7,38,163208757261,0
7,38,163208757262,1
7,38,163208757263,0
7,38,163208757264,0
7,38,163208757265,0
7,38,163208757266,0
7,38,163208757267,0
7,38,163208757268,0
7,38,163208757269,1
8,38,163208757248,0
8,38,163208757249,0
8,38,163208757250,0
8,38,163208757251,0
8,38,163208757252,1
8,38,163208757253,0
8,38,163208757254,0
8,38,163208757255,0
8,38,163208757256,0
8,38,163208757257,0
8,38,163208757258,0
8,38,163208757259,0
8,38,163208757260,0
8,38,163208757261,0
8,38,163208757262,0
8,38,163208757263,0
8,38,163208757264,0
8,38,163208757265,0
8,38,163208757266,0
8,38,163208757267,0
8,38,163208757268,0
8,38,163208757269,0
9,38,163208757248,0
9,38,163208757249,0
9,38,163208757250,0
9,38,163208757251,0
9,38,163208757252,0
9,38,163208757253,0
9,38,163208757254,0
9,38,163208757255,0
9,38,163208757256,0
9,38,163208757257,0
9,38,163208757258,0
9,38,163208757259,0
9,38,163208757260,0
9,38,163208757261,1
9,38,163208757262,0
9,38,163208757263,0
9,38,163208757264,0
9,38,163208757265,0
9,38,163208757266,0
9,38,163208757267,0
9,38,163208757268,0
9,38,163208757269,0
10,38,163208757248,0
10,38,163208757249,0
10,38,163208757250,0
10,38,163208757251,0
10,38,163208757252,0
10,38,163208757253,0
10,38,163208757254,1
10,38,163208757255,0
10,38,163208757256,0
10,38,163208757257,0
10,38,163208757258,0
10,38,163208757259,0
10,38,163208757260,0
10,38,163208757261,0
10,38,163208757262,0
10,38,163208757263,0
10,38,163208757264,0
10,38,163208757265,0
10,38,163208757266,0
10,38,163208757267,0
10,38,163208757268,0
10,38,163208757269,0
11,38,163208757248,0
11,38,163208757249,0
11,38,163208757250,0
11,38,163208757251,0
11,38,163208757252,0
11,38,163208757253,0
11,38,163208757254,0
11,38,163208757255,0
11,38,163208757256,0
11,38,163208757257,0
11,38,163208757258,0
11,38,163208757259,0
11,38,163208757260,0
11,38,163208757261,0
11,38,163208757262,0
11,38,163208757263,0
11,38,163208757264,0
11,38,163208757265,0
11,38,163208757266,0
11,38,163208757267,0
11,38,163208757268,0
11,38,163208757269,0
12,38,163208757248,0
12,38,163208757249,0
12,38,163208757250,1
12,38,163208757251,35
12,38,163208757252,0
12,38,163208757253,0
12,38,163208757254,0
12,38,163208757255,0
12,38,163208757256,2
12,38,163208757257,0
12,38,163208757258,2
12,38,163208757259,1
12,38,163208757260,1
12,38,163208757261,38
12,38,163208757262,0
12,38,163208757263,0
12,38,163208757264,1
12,38,163208757265,1
12,38,163208757266,0
12,38,163208757267,1
12,38,163208757268,0
12,38,163208757269,3378
13,38,163208757248,1
13,38,163208757249,1
13,38,163208757250,1
13,38,163208757251,3
13,38,163208757252,0
13,38,163208757253,1
13,38,163208757254,1
13,38,163208757255,0
13,38,163208757256,1
13,38,163208757257,0
13,38,163208757258,0
13,38,163208757259,1
13,38,163208757260,0
13,38,163208757261,1
13,38,163208757262,0
13,38,163208757263,0
13,38,163208757264,1
13,38,163208757265,0
13,38,163208757266,0
13,38,163208757267,1
13,38,163208757268,0
13,38,163208757269,431
14,38,163208757248,830
14,38,163208757249,605
14,38,163208757250,479
14,38,163208757251,1017
14,38,163208757252,270
14,38,163208757253,253
14,38,163208757254,213
14,38,163208757255,237
14,38,163208757256,188
14,38,163208757257,3451
14,38,163208757258,2648
14,38,163208757259,442
14,38,163208757260,207
14,38,163208757261,259
14,38,163208757262,158
14,38,163208757263,93
14,38,163208757264,95
14,38,163208757265,140
14,38,163208757266,324
14,38,163208757267,327
14,38,163208757268,317
14,38,163208757269,6506
15,38,163208757248,0
15,38,163208757249,0
15,38,163208757250,0
15,38,163208757251,0
15,38,163208757252,0
15,38,163208757253,0
15,38,163208757254,0
15,38,163208757255,0
15,38,163208757256,0
15,38,163208757257,0
15,38,163208757258,0
15,38,163208757259,0
15,38,163208757260,0
15,38,163208757261,0
15,38,163208757262,0
15,38,163208757263,0
15,38,163208757264,0
15,38,163208757265,0
15,38,163208757266,0
15,38,163208757267,0
15,38,163208757268,0
15,38,163208757269,0
