0,2,8589934592,4
0,2,8589934593,1
0,2,8589934594,1
0,2,8589934595,1
0,2,8589934596,1
0,2,8589934597,2
0,2,8589934598,3
0,2,8589934599,0
0,2,8589934600,2
0,2,8589934601,1
0,2,8589934602,2
0,2,8589934603,4
0,2,8589934604,0
0,2,8589934605,1
0,2,8589934606,0
0,2,8589934607,353
0,2,8589934608,1
0,2,8589934609,0
0,2,8589934610,1
0,2,8589934611,1
0,2,8589934612,0
0,2,8589934613,0
0,2,8589934614,0
0,2,8589934615,0
0,2,8589934616,1
0,2,8589934617,0
0,2,8589934618,1
0,2,8589934619,0
0,2,8589934620,2
0,2,8589934621,0
0,2,8589934622,2
0,2,8589934623,0
0,2,8589934624,1
0,2,8589934625,2
0,2,8589934626,0
0,2,8589934627,1
0,2,8589934628,0
0,2,8589934629,1
0,2,8589934630,0
0,2,8589934631,1
0,2,8589934632,0
0,2,8589934633,1
0,2,8589934634,1
0,2,8589934635,0
1,2,8589934592,3782
1,2,8589934593,3424
1,2,8589934594,3280
1,2,8589934595,3532
1,2,8589934596,3191
1,2,8589934597,3141
1,2,8589934598,2669
1,2,8589934599,2772
1,2,8589934600,4364
1,2,8589934601,4104
1,2,8589934602,4913
1,2,8589934603,2797
1,2,8589934604,2561
1,2,8589934605,2561
1,2,8589934606,2110
1,2,8589934607,2118
1,2,8589934608,2311
1,2,8589934609,2304
1,2,8589934610,4620
1,2,8589934611,1641
1,2,8589934612,2350
1,2,8589934613,680
1,2,8589934614,13
1,2,8589934615,8
1,2,8589934616,8
1,2,8589934617,7
1,2,8589934618,8
1,2,8589934619,8
1,2,8589934620,8
1,2,8589934621,8
1,2,8589934622,8
1,2,8589934623,8
1,2,8589934624,7
1,2,8589934625,8
1,2,8589934626,8
1,2,8589934627,8
1,2,8589934628,8
1,2,8589934629,8
1,2,8589934630,8
1,2,8589934631,8
1,2,8589934632,9
1,2,8589934633,8
1,2,8589934634,8
1,2,8589934635,8
2,2,8589934592,0
2,2,8589934593,0
2,2,8589934594,0
2,2,8589934595,1
2,2,8589934596,0
2,2,8589934597,0
2,2,8589934598,0
2,2,8589934599,0
2,2,8589934600,0
2,2,8589934601,0
2,2,8589934602,0
2,2,8589934603,0
2,2,8589934604,0
2,2,8589934605,0
2,2,8589934606,0
2,2,8589934607,0
2,2,8589934608,0
2,2,8589934609,0
2,2,8589934610,0
2,2,8589934611,0
2,2,8589934612,0
2,2,8589934613,0
2,2,8589934614,0
2,2,8589934615,0
2,2,8589934616,0
2,2,8589934617,0
2,2,8589934618,0
2,2,8589934619,0
2,2,8589934620,0
2,2,8589934621,0
2,2,8589934622,0
2,2,8589934623,0
2,2,8589934624,0
2,2,8589934625,0
2,2,8589934626,0
2,2,8589934627,0
2,2,8589934628,0
2,2,8589934629,0
2,2,8589934630,0
2,2,8589934631,0
2,2,8589934632,0
2,2,8589934633,0
2,2,8589934634,0
2,2,8589934635,0
3,2,8589934592,0
3,2,8589934593,0
3,2,8589934594,0
3,2,8589934595,1
3,2,8589934596,0
3,2,8589934597,0
3,2,8589934598,0
3,2,8589934599,0
3,2,8589934600,0
3,2,8589934601,0
3,2,8589934602,0
3,2,8589934603,0
3,2,8589934604,0
3,2,8589934605,1
3,2,8589934606,1
3,2,8589934607,1506668
3,2,8589934608,0
3,2,8589934609,0
3,2,8589934610,3
3,2,8589934611,0
3,2,8589934612,0
3,2,8589934613,0
3,2,8589934614,0
3,2,8589934615,0
3,2,8589934616,0
3,2,8589934617,0
3,2,8589934618,0
3,2,8589934619,1
3,2,8589934620,0
3,2,8589934621,0
3,2,8589934622,11
3,2,8589934623,0
3,2,8589934624,0
3,2,8589934625,13
3,2,8589934626,0
3,2,8589934627,0
3,2,8589934628,0
3,2,8589934629,0
3,2,8589934630,0
3,2,8589934631,0
3,2,8589934632,0
3,2,8589934633,0
3,2,8589934634,0
3,2,8589934635,0
4,2,8589934592,0
4,2,8589934593,0
4,2,8589934594,0
4,2,8589934595,0
4,2,8589934596,0
4,2,8589934597,0
4,2,8589934598,1
4,2,8589934599,1
4,2,8589934600,0
4,2,8589934601,0
4,2,8589934602,0
4,2,8589934603,1
4,2,8589934604,0
4,2,8589934605,0
4,2,8589934606,0
4,2,8589934607,68560
4,2,8589934608,0
4,2,8589934609,0
4,2,8589934610,0
4,2,8589934611,0
4,2,8589934612,0
4,2,8589934613,0
4,2,8589934614,0
4,2,8589934615,1
4,2,8589934616,0
4,2,8589934617,0
4,2,8589934618,0
4,2,8589934619,0
4,2,8589934620,6
4,2,8589934621,0
4,2,8589934622,8
4,2,8589934623,0
4,2,8589934624,0
4,2,8589934625,0
4,2,8589934626,0
4,2,8589934627,1
4,2,8589934628,0
4,2,8589934629,3
4,2,8589934630,0
4,2,8589934631,0
4,2,8589934632,0
4,2,8589934633,0
4,2,8589934634,0
4,2,8589934635,0
5,2,8589934592,0
5,2,8589934593,0
5,2,8589934594,0
5,2,8589934595,0
5,2,8589934596,0
5,2,8589934597,0
5,2,8589934598,0
5,2,8589934599,0
5,2,8589934600,0
5,2,8589934601,0
5,2,8589934602,0
5,2,8589934603,0
5,2,8589934604,0
5,2,8589934605,0
5,2,8589934606,0
5,2,8589934607,10847
5,2,8589934608,0
5,2,8589934609,0
5,2,8589934610,2
5,2,8589934611,0
5,2,8589934612,0
5,2,8589934613,0
5,2,8589934614,0
5,2,8589934615,0
5,2,8589934616,0
5,2,8589934617,0
5,2,8589934618,0
5,2,8589934619,0
5,2,8589934620,5
5,2,8589934621,0
5,2,8589934622,1
5,2,8589934623,0
5,2,8589934624,0
5,2,8589934625,0
5,2,8589934626,0
5,2,8589934627,0
5,2,8589934628,0
5,2,8589934629,2
5,2,8589934630,0
5,2,8589934631,0
5,2,8589934632,0
5,2,8589934633,0
5,2,8589934634,0
5,2,8589934635,1
6,2,8589934592,0
6,2,8589934593,0
6,2,8589934594,0
6,2,8589934595,0
6,2,8589934596,0
6,2,8589934597,0
6,2,8589934598,0
6,2,8589934599,0
6,2,8589934600,0
6,2,8589934601,0
6,2,8589934602,0
6,2,8589934603,1
6,2,8589934604,0
6,2,8589934605,0
6,2,8589934606,0
6,2,8589934607,16
6,2,8589934608,0
6,2,8589934609,0
6,2,8589934610,0
6,2,8589934611,0
6,2,8589934612,0
6,2,8589934613,0
6,2,8589934614,0
6,2,8589934615,0
6,2,8589934616,0
6,2,8589934617,0
6,2,8589934618,0
6,2,8589934619,0
6,2,8589934620,0
6,2,8589934621,0
6,2,8589934622,0
6,2,8589934623,0
6,2,8589934624,0
6,2,8589934625,0
6,2,8589934626,0
6,2,8589934627,0
6,2,8589934628,0
6,2,8589934629,0
6,2,8589934630,0
6,2,8589934631,0
6,2,8589934632,0
6,2,8589934633,0
6,2,8589934634,0
6,2,8589934635,0
7,2,8589934592,0
7,2,8589934593,0
7,2,8589934594,0
7,2,8589934595,0
7,2,8589934596,0
7,2,8589934597,1
7,2,8589934598,0
7,2,8589934599,0
7,2,8589934600,0
7,2,8589934601,0
7,2,8589934602,0
7,2,8589934603,0
7,2,8589934604,0
7,2,8589934605,0
7,2,8589934606,0
7,2,8589934607,1
7,2,8589934608,0
7,2,8589934609,0
7,2,8589934610,0
7,2,8589934611,0
7,2,8589934612,0
7,2,8589934613,0
7,2,8589934614,0
7,2,8589934615,0
7,2,8589934616,0
7,2,8589934617,0
7,2,8589934618,0
7,2,8589934619,0
7,2,8589934620,0
7,2,8589934621,0
7,2,8589934622,0
7,2,8589934623,0
7,2,8589934624,0
7,2,8589934625,0
7,2,8589934626,0
7,2,8589934627,0
7,2,8589934628,0
7,2,8589934629,0
7,2,8589934630,0
7,2,8589934631,0
7,2,8589934632,0
7,2,8589934633,0
7,2,8589934634,0
7,2,8589934635,0
8,2,8589934592,0
8,2,8589934593,0
8,2,8589934594,0
8,2,8589934595,0
8,2,8589934596,0
8,2,8589934597,0
8,2,8589934598,0
8,2,8589934599,0
8,2,8589934600,0
8,2,8589934601,0
8,2,8589934602,0
8,2,8589934603,0
8,2,8589934604,0
8,2,8589934605,0
8,2,8589934606,0
8,2,8589934607,0
8,2,8589934608,0
8,2,8589934609,0
8,2,8589934610,0
8,2,8589934611,0
8,2,8589934612,0
8,2,8589934613,0
8,2,8589934614,0
8,2,8589934615,0
8,2,8589934616,0
8,2,8589934617,1
8,2,8589934618,0
8,2,8589934619,0
8,2,8589934620,0
8,2,8589934621,0
8,2,8589934622,0
8,2,8589934623,0
8,2,8589934624,0
8,2,8589934625,0
8,2,8589934626,0
8,2,8589934627,0
8,2,8589934628,0
8,2,8589934629,0
8,2,8589934630,0
8,2,8589934631,0
8,2,8589934632,0
8,2,8589934633,0
8,2,8589934634,0
8,2,8589934635,0
9,2,8589934592,0
9,2,8589934593,0
9,2,8589934594,0
9,2,8589934595,0
9,2,8589934596,0
9,2,8589934597,0
9,2,8589934598,0
9,2,8589934599,0
9,2,8589934600,0
9,2,8589934601,0
9,2,8589934602,0
9,2,8589934603,0
9,2,8589934604,0
9,2,8589934605,0
9,2,8589934606,0
9,2,8589934607,0
9,2,8589934608,0
9,2,8589934609,0
9,2,8589934610,0
9,2,8589934611,0
9,2,8589934612,0
9,2,8589934613,0
9,2,8589934614,0
9,2,8589934615,0
9,2,8589934616,0
9,2,8589934617,0
9,2,8589934618,0
9,2,8589934619,0
9,2,8589934620,0
9,2,8589934621,0
9,2,8589934622,0
9,2,8589934623,0
9,2,8589934624,0
9,2,8589934625,0
9,2,8589934626,0
9,2,8589934627,0
9,2,8589934628,1
9,2,8589934629,0
9,2,8589934630,0
9,2,8589934631,0
9,2,8589934632,0
9,2,8589934633,0
9,2,8589934634,0
9,2,8589934635,0
10,2,8589934592,0
10,2,8589934593,0
10,2,8589934594,0
10,2,8589934595,0
10,2,8589934596,0
10,2,8589934597,0
10,2,8589934598,0
10,2,8589934599,0
10,2,8589934600,0
10,2,8589934601,0
10,2,8589934602,0
10,2,8589934603,0
10,2,8589934604,0
10,2,8589934605,0
10,2,8589934606,0
10,2,8589934607,0
10,2,8589934608,0
10,2,8589934609,0
10,2,8589934610,0
10,2,8589934611,0
10,2,8589934612,0
10,2,8589934613,0
10,2,8589934614,0
10,2,8589934615,0
10,2,8589934616,0
10,2,8589934617,0
10,2,8589934618,0
10,2,8589934619,0
10,2,8589934620,0
10,2,8589934621,0
10,2,8589934622,0
10,2,8589934623,0
10,2,8589934624,0
10,2,8589934625,0
10,2,8589934626,0
10,2,8589934627,0
10,2,8589934628,0
10,2,8589934629,0
10,2,8589934630,0
10,2,8589934631,0
10,2,8589934632,0
10,2,8589934633,0
10,2,8589934634,1
10,2,8589934635,0
11,2,8589934592,0
11,2,8589934593,0
11,2,8589934594,0
11,2,8589934595,0
11,2,8589934596,0
11,2,8589934597,0
11,2,8589934598,0
11,2,8589934599,0
11,2,8589934600,0
11,2,8589934601,0
11,2,8589934602,0
11,2,8589934603,0
11,2,8589934604,0
11,2,8589934605,0
11,2,8589934606,0
11,2,8589934607,0
11,2,8589934608,0
11,2,8589934609,0
11,2,8589934610,0
11,2,8589934611,0
11,2,8589934612,0
11,2,8589934613,0
11,2,8589934614,0
11,2,8589934615,0
11,2,8589934616,0
11,2,8589934617,0
11,2,8589934618,0
11,2,8589934619,0
11,2,8589934620,0
11,2,8589934621,0
11,2,8589934622,0
11,2,8589934623,0
11,2,8589934624,0
11,2,8589934625,0
11,2,8589934626,0
11,2,8589934627,0
11,2,8589934628,0
11,2,8589934629,0
11,2,8589934630,0
11,2,8589934631,0
11,2,8589934632,0
11,2,8589934633,0
11,2,8589934634,0
11,2,8589934635,0
12,2,8589934592,4
12,2,8589934593,0
12,2,8589934594,0
12,2,8589934595,1
12,2,8589934596,0
12,2,8589934597,1
12,2,8589934598,1
12,2,8589934599,0
12,2,8589934600,2
12,2,8589934601,0
12,2,8589934602,4
12,2,8589934603,1
12,2,8589934604,0
12,2,8589934605,0
12,2,8589934606,1
12,2,8589934607,3267
12,2,8589934608,0
12,2,8589934609,0
12,2,8589934610,0
12,2,8589934611,1
12,2,8589934612,0
12,2,8589934613,1
12,2,8589934614,0
12,2,8589934615,0
12,2,8589934616,1
12,2,8589934617,0
12,2,8589934618,1
12,2,8589934619,0
12,2,8589934620,3
12,2,8589934621,0
12,2,8589934622,5
12,2,8589934623,1
12,2,8589934624,0
12,2,8589934625,5
12,2,8589934626,1
12,2,8589934627,1
12,2,8589934628,0
12,2,8589934629,2
12,2,8589934630,0
12,2,8589934631,0
12,2,8589934632,0
12,2,8589934633,0
12,2,8589934634,1
12,2,8589934635,0
13,2,8589934592,1
13,2,8589934593,0
13,2,8589934594,1
13,2,8589934595,1
13,2,8589934596,1
13,2,8589934597,0
13,2,8589934598,1
13,2,8589934599,1
13,2,8589934600,0
13,2,8589934601,1
13,2,8589934602,1
13,2,8589934603,0
13,2,8589934604,1
13,2,8589934605,1
13,2,8589934606,0
13,2,8589934607,202
13,2,8589934608,0
13,2,8589934609,0
13,2,8589934610,1
13,2,8589934611,0
13,2,8589934612,0
13,2,8589934613,1
13,2,8589934614,0
13,2,8589934615,0
13,2,8589934616,1
13,2,8589934617,0
13,2,8589934618,0
13,2,8589934619,1
13,2,8589934620,0
13,2,8589934621,1
13,2,8589934622,0
13,2,8589934623,1
13,2,8589934624,0
13,2,8589934625,1
13,2,8589934626,0
13,2,8589934627,0
13,2,8589934628,1
13,2,8589934629,0
13,2,8589934630,1
13,2,8589934631,0
13,2,8589934632,0
13,2,8589934633,0
13,2,8589934634,1
13,2,8589934635,0
14,2,8589934592,940
14,2,8589934593,428
14,2,8589934594,307
14,2,8589934595,876
14,2,8589934596,366
14,2,8589934597,253
14,2,8589934598,348
14,2,8589934599,289
14,2,8589934600,222
14,2,8589934601,206
14,2,8589934602,204
14,2,8589934603,295
14,2,8589934604,335
14,2,8589934605,208
14,2,8589934606,210
14,2,8589934607,6364
14,2,8589934608,314
14,2,8589934609,103
14,2,8589934610,313
14,2,8589934611,4173
14,2,8589934612,268
14,2,8589934613,107
14,2,8589934614,379
14,2,8589934615,243
14,2,8589934616,93
14,2,8589934617,82
14,2,8589934618,217
14,2,8589934619,93
14,2,8589934620,537
14,2,8589934621,188
14,2,8589934622,179
14,2,8589934623,91
14,2,8589934624,99
14,2,8589934625,145
14,2,8589934626,107
14,2,8589934627,240
14,2,8589934628,362
14,2,8589934629,193
14,2,8589934630,279
14,2,8589934631,1532
14,2,8589934632,136
14,2,8589934633,147
14,2,8589934634,124
14,2,8589934635,72
15,2,8589934592,0
15,2,8589934593,0
15,2,8589934594,0
15,2,8589934595,0
15,2,8589934596,0
15,2,8589934597,0
15,2,8589934598,0
15,2,8589934599,0
15,2,8589934600,0
15,2,8589934601,0
15,2,8589934602,0
15,2,8589934603,0
15,2,8589934604,0
15,2,8589934605,0
15,2,8589934606,0
15,2,8589934607,0
15,2,8589934608,0
15,2,8589934609,0
15,2,8589934610,0
15,2,8589934611,0
15,2,8589934612,0
15,2,8589934613,0
15,2,8589934614,0
15,2,8589934615,0
15,2,8589934616,0
15,2,8589934617,0
15,2,8589934618,0
15,2,8589934619,0
15,2,8589934620,0
15,2,8589934621,0
15,2,8589934622,0
15,2,8589934623,0
15,2,8589934624,0
15,2,8589934625,0
15,2,8589934626,0
15,2,8589934627,0
15,2,8589934628,0
15,2,8589934629,0
15,2,8589934630,0
15,2,8589934631,0
15,2,8589934632,0
15,2,8589934633,0
15,2,8589934634,0
15,2,8589934635,0
