0,17,73014444032,2
0,17,73014444033,543
0,17,73014444034,3
0,17,73014444035,0
0,17,73014444036,2
0,17,73014444037,0
0,17,73014444038,1
0,17,73014444039,1
0,17,73014444040,13
0,17,73014444041,1
0,17,73014444042,1
0,17,73014444043,1
0,17,73014444044,1
1,17,73014444032,3460
1,17,73014444033,3750
1,17,73014444034,3147
1,17,73014444035,2452
1,17,73014444036,3584
1,17,73014444037,2973
1,17,73014444038,2796
1,17,73014444039,2570
1,17,73014444040,3696
1,17,73014444041,2470
1,17,73014444042,4111
1,17,73014444043,4620
1,17,73014444044,2512
2,17,73014444032,0
2,17,73014444033,518876
2,17,73014444034,0
2,17,73014444035,0
2,17,73014444036,0
2,17,73014444037,0
2,17,73014444038,0
2,17,73014444039,0
2,17,73014444040,0
2,17,73014444041,0
2,17,73014444042,1
2,17,73014444043,0
2,17,73014444044,0
3,17,73014444032,1
3,17,73014444033,112664
3,17,73014444034,0
3,17,73014444035,0
3,17,73014444036,1
3,17,73014444037,0
3,17,73014444038,1
3,17,73014444039,0
3,17,73014444040,149
3,17,73014444041,0
3,17,73014444042,1
3,17,73014444043,0
3,17,73014444044,0
4,17,73014444032,0
4,17,73014444033,4627
4,17,73014444034,0
4,17,73014444035,0
4,17,73014444036,1
4,17,73014444037,0
4,17,73014444038,0
4,17,73014444039,0
4,17,73014444040,150
4,17,73014444041,1
4,17,73014444042,0
4,17,73014444043,0
4,17,73014444044,0
5,17,73014444032,0
5,17,73014444033,108
5,17,73014444034,0
5,17,73014444035,0
5,17,73014444036,1
5,17,73014444037,0
5,17,73014444038,0
5,17,73014444039,0
5,17,73014444040,0
5,17,73014444041,0
5,17,73014444042,0
5,17,73014444043,0
5,17,73014444044,0
6,17,73014444032,0
6,17,73014444033,165
6,17,73014444034,0
6,17,73014444035,0
6,17,73014444036,0
6,17,73014444037,0
6,17,73014444038,0
6,17,73014444039,0
6,17,73014444040,0
6,17,73014444041,0
6,17,73014444042,0
6,17,73014444043,0
6,17,73014444044,0
7,17,73014444032,0
7,17,73014444033,1
7,17,73014444034,0
7,17,73014444035,0
7,17,73014444036,0
7,17,73014444037,0
7,17,73014444038,0
7,17,73014444039,0
7,17,73014444040,0
7,17,73014444041,0
7,17,73014444042,0
7,17,73014444043,0
7,17,73014444044,1
8,17,73014444032,0
8,17,73014444033,0
8,17,73014444034,0
8,17,73014444035,0
8,17,73014444036,0
8,17,73014444037,0
8,17,73014444038,0
8,17,73014444039,0
8,17,73014444040,0
8,17,73014444041,0
8,17,73014444042,0
8,17,73014444043,0
8,17,73014444044,0
9,17,73014444032,0
9,17,73014444033,0
9,17,73014444034,0
9,17,73014444035,0
9,17,73014444036,0
9,17,73014444037,0
9,17,73014444038,0
9,17,73014444039,0
9,17,73014444040,0
9,17,73014444041,0
9,17,73014444042,1
9,17,73014444043,0
9,17,73014444044,0
10,17,73014444032,0
10,17,73014444033,0
10,17,73014444034,0
10,17,73014444035,0
10,17,73014444036,0
10,17,73014444037,0
10,17,73014444038,1
10,17,73014444039,0
10,17,73014444040,0
10,17,73014444041,0
10,17,73014444042,0
10,17,73014444043,0
10,17,73014444044,0
11,17,73014444032,0
11,17,73014444033,0
11,17,73014444034,0
11,17,73014444035,0
11,17,73014444036,0
11,17,73014444037,0
11,17,73014444038,0
11,17,73014444039,0
11,17,73014444040,0
11,17,73014444041,0
11,17,73014444042,0
11,17,73014444043,0
11,17,73014444044,0
12,17,73014444032,1
12,17,73014444033,1709
12,17,73014444034,1
12,17,73014444035,0
12,17,73014444036,2
12,17,73014444037,1
12,17,73014444038,5
12,17,73014444039,1
12,17,73014444040,139
12,17,73014444041,0
12,17,73014444042,0
12,17,73014444043,0
12,17,73014444044,1
13,17,73014444032,1
13,17,73014444033,80
13,17,73014444034,1
13,17,73014444035,0
13,17,73014444036,1
13,17,73014444037,0
13,17,73014444038,0
13,17,73014444039,1
13,17,73014444040,1
13,17,73014444041,0
13,17,73014444042,0
13,17,73014444043,1
13,17,73014444044,0
14,17,73014444032,5471
14,17,73014444033,7103
14,17,73014444034,429
14,17,73014444035,201
14,17,73014444036,264
14,17,73014444037,193
14,17,73014444038,101
14,17,73014444039,449
14,17,73014444040,330
14,17,73014444041,119
14,17,73014444042,63
14,17,73014444043,124
14,17,73014444044,234
15,17,73014444032,0
15,17,73014444033,0
15,17,73014444034,0
15,17,73014444035,0
15,17,73014444036,0
15,17,73014444037,0
15,17,73014444038,0
15,17,73014444039,0
15,17,73014444040,0
15,17,73014444041,0
15,17,73014444042,0
15,17,73014444043,0
15,17,73014444044,0
