0,39,167503724544,3
0,39,167503724545,2
0,39,167503724546,1
0,39,167503724547,1
0,39,167503724548,1
0,39,167503724549,2
0,39,167503724550,0
0,39,167503724551,1
0,39,167503724552,388
0,39,167503724553,1
0,39,167503724554,0
0,39,167503724555,1
0,39,167503724556,1
0,39,167503724557,0
0,39,167503724558,1
0,39,167503724559,0
0,39,167503724560,1
0,39,167503724561,0
0,39,167503724562,1
0,39,167503724563,1
0,39,167503724564,0
0,39,167503724565,1
0,39,167503724566,0
0,39,167503724567,1
0,39,167503724568,0
0,39,167503724569,1
0,39,167503724570,1
0,39,167503724571,0
0,39,167503724572,1
0,39,167503724573,0
1,39,167503724544,3249
1,39,167503724545,3648
1,39,167503724546,3466
1,39,167503724547,2913
1,39,167503724548,2998
1,39,167503724549,3040
1,39,167503724550,2963
1,39,167503724551,2822
1,39,167503724552,3972
1,39,167503724553,1966
1,39,167503724554,4255
1,39,167503724555,4721
1,39,167503724556,2846
1,39,167503724557,2662
1,39,167503724558,2360
1,39,167503724559,1775
1,39,167503724560,2429
1,39,167503724561,2126
1,39,167503724562,2148
1,39,167503724563,4374
1,39,167503724564,1850
1,39,167503724565,320
1,39,167503724566,8
1,39,167503724567,11
1,39,167503724568,9
1,39,167503724569,9
1,39,167503724570,8
1,39,167503724571,9
1,39,167503724572,9
1,39,167503724573,8
2,39,167503724544,0
2,39,167503724545,0
2,39,167503724546,0
2,39,167503724547,0
2,39,167503724548,0
2,39,167503724549,0
2,39,167503724550,0
2,39,167503724551,1
2,39,167503724552,0
2,39,167503724553,0
2,39,167503724554,0
2,39,167503724555,0
2,39,167503724556,0
2,39,167503724557,0
2,39,167503724558,0
2,39,167503724559,0
2,39,167503724560,0
2,39,167503724561,0
2,39,167503724562,1
2,39,167503724563,0
2,39,167503724564,0
2,39,167503724565,0
2,39,167503724566,0
2,39,167503724567,0
2,39,167503724568,0
2,39,167503724569,0
2,39,167503724570,0
2,39,167503724571,0
2,39,167503724572,0
2,39,167503724573,1
3,39,167503724544,0
3,39,167503724545,4
3,39,167503724546,0
3,39,167503724547,0
3,39,167503724548,2
3,39,167503724549,0
3,39,167503724550,0
3,39,167503724551,2
3,39,167503724552,1991991
3,39,167503724553,0
3,39,167503724554,1
3,39,167503724555,0
3,39,167503724556,0
3,39,167503724557,0
3,39,167503724558,0
3,39,167503724559,0
3,39,167503724560,0
3,39,167503724561,0
3,39,167503724562,0
3,39,167503724563,0
3,39,167503724564,0
3,39,167503724565,0
3,39,167503724566,0
3,39,167503724567,0
3,39,167503724568,0
3,39,167503724569,0
3,39,167503724570,0
3,39,167503724571,0
3,39,167503724572,0
3,39,167503724573,0
4,39,167503724544,0
4,39,167503724545,1
4,39,167503724546,0
4,39,167503724547,1
4,39,167503724548,1
4,39,167503724549,0
4,39,167503724550,1
4,39,167503724551,0
4,39,167503724552,1877
4,39,167503724553,0
4,39,167503724554,0
4,39,167503724555,0
4,39,167503724556,0
4,39,167503724557,1
4,39,167503724558,0
4,39,167503724559,1
4,39,167503724560,0
4,39,167503724561,1
4,39,167503724562,1
4,39,167503724563,0
4,39,167503724564,2
4,39,167503724565,0
4,39,167503724566,0
4,39,167503724567,0
4,39,167503724568,1
4,39,167503724569,0
4,39,167503724570,0
4,39,167503724571,0
4,39,167503724572,1
4,39,167503724573,0
5,39,167503724544,1
5,39,167503724545,0
5,39,167503724546,0
5,39,167503724547,0
5,39,167503724548,0
5,39,167503724549,0
5,39,167503724550,0
5,39,167503724551,0
5,39,167503724552,15166
5,39,167503724553,1
5,39,167503724554,0
5,39,167503724555,0
5,39,167503724556,0
5,39,167503724557,0
5,39,167503724558,0
5,39,167503724559,1
5,39,167503724560,0
5,39,167503724561,0
5,39,167503724562,0
5,39,167503724563,0
5,39,167503724564,0
5,39,167503724565,0
5,39,167503724566,0
5,39,167503724567,0
5,39,167503724568,0
5,39,167503724569,0
5,39,167503724570,0
5,39,167503724571,0
5,39,167503724572,0
5,39,167503724573,0
6,39,167503724544,0
6,39,167503724545,0
6,39,167503724546,0
6,39,167503724547,1
6,39,167503724548,0
6,39,167503724549,0
6,39,167503724550,0
6,39,167503724551,0
6,39,167503724552,6
6,39,167503724553,0
6,39,167503724554,0
6,39,167503724555,0
6,39,167503724556,0
6,39,167503724557,0
6,39,167503724558,0
6,39,167503724559,0
6,39,167503724560,0
6,39,167503724561,0
6,39,167503724562,0
6,39,167503724563,0
6,39,167503724564,0
6,39,167503724565,0
6,39,167503724566,0
6,39,167503724567,0
6,39,167503724568,0
6,39,167503724569,0
6,39,167503724570,0
6,39,167503724571,0
6,39,167503724572,0
6,39,167503724573,0
7,39,167503724544,0
7,39,167503724545,0
7,39,167503724546,0
7,39,167503724547,0
7,39,167503724548,0
7,39,167503724549,0
7,39,167503724550,1
7,39,167503724551,0
7,39,167503724552,1
7,39,167503724553,0
7,39,167503724554,0
7,39,167503724555,0
7,39,167503724556,0
7,39,167503724557,0
7,39,167503724558,0
7,39,167503724559,0
7,39,167503724560,0
7,39,167503724561,0
7,39,167503724562,0
7,39,167503724563,1
7,39,167503724564,0
7,39,167503724565,0
7,39,167503724566,0
7,39,167503724567,0
7,39,167503724568,0
7,39,167503724569,0
7,39,167503724570,0
7,39,167503724571,0
7,39,167503724572,0
7,39,167503724573,0
8,39,167503724544,0
8,39,167503724545,0
8,39,167503724546,0
8,39,167503724547,0
8,39,167503724548,0
8,39,167503724549,0
8,39,167503724550,0
8,39,167503724551,0
8,39,167503724552,0
8,39,167503724553,0
8,39,167503724554,0
8,39,167503724555,0
8,39,167503724556,0
8,39,167503724557,0
8,39,167503724558,0
8,39,167503724559,0
8,39,167503724560,0
8,39,167503724561,0
8,39,167503724562,0
8,39,167503724563,0
8,39,167503724564,0
8,39,167503724565,0
8,39,167503724566,0
8,39,167503724567,0
8,39,167503724568,0
8,39,167503724569,0
8,39,167503724570,0
8,39,167503724571,0
8,39,167503724572,0
8,39,167503724573,0
9,39,167503724544,0
9,39,167503724545,0
9,39,167503724546,0
9,39,167503724547,0
9,39,167503724548,0
9,39,167503724549,0
9,39,167503724550,0
9,39,167503724551,0
9,39,167503724552,0
9,39,167503724553,0
9,39,167503724554,0
9,39,167503724555,0
9,39,167503724556,0
9,39,167503724557,0
9,39,167503724558,0
9,39,167503724559,0
9,39,167503724560,0
9,39,167503724561,0
9,39,167503724562,1
9,39,167503724563,0
9,39,167503724564,0
9,39,167503724565,0
9,39,167503724566,0
9,39,167503724567,0
9,39,167503724568,0
9,39,167503724569,0
9,39,167503724570,0
9,39,167503724571,0
9,39,167503724572,0
9,39,167503724573,0
10,39,167503724544,0
10,39,167503724545,0
10,39,167503724546,0
10,39,167503724547,1
10,39,167503724548,0
10,39,167503724549,0
10,39,167503724550,0
10,39,167503724551,0
10,39,167503724552,0
10,39,167503724553,0
10,39,167503724554,0
10,39,167503724555,0
10,39,167503724556,0
10,39,167503724557,0
10,39,167503724558,0
10,39,167503724559,0
10,39,167503724560,0
10,39,167503724561,0
10,39,167503724562,0
10,39,167503724563,0
10,39,167503724564,0
10,39,167503724565,0
10,39,167503724566,0
10,39,167503724567,0
10,39,167503724568,0
10,39,167503724569,0
10,39,167503724570,0
10,39,167503724571,0
10,39,167503724572,0
10,39,167503724573,0
11,39,167503724544,0
11,39,167503724545,0
11,39,167503724546,0
11,39,167503724547,0
11,39,167503724548,0
11,39,167503724549,0
11,39,167503724550,0
11,39,167503724551,0
11,39,167503724552,0
11,39,167503724553,0
11,39,167503724554,0
11,39,167503724555,0
11,39,167503724556,0
11,39,167503724557,0
11,39,167503724558,0
11,39,167503724559,0
11,39,167503724560,0
11,39,167503724561,0
11,39,167503724562,0
11,39,167503724563,0
11,39,167503724564,0
11,39,167503724565,0
11,39,167503724566,0
11,39,167503724567,0
11,39,167503724568,0
11,39,167503724569,0
11,39,167503724570,0
11,39,167503724571,0
11,39,167503724572,0
11,39,167503724573,0
12,39,167503724544,0
12,39,167503724545,0
12,39,167503724546,1
12,39,167503724547,0
12,39,167503724548,0
12,39,167503724549,0
12,39,167503724550,0
12,39,167503724551,1
12,39,167503724552,5885
12,39,167503724553,0
12,39,167503724554,0
12,39,167503724555,1
12,39,167503724556,0
12,39,167503724557,1
12,39,167503724558,0
12,39,167503724559,0
12,39,167503724560,0
12,39,167503724561,1
12,39,167503724562,0
12,39,167503724563,1
12,39,167503724564,1
12,39,167503724565,0
12,39,167503724566,0
12,39,167503724567,0
12,39,167503724568,0
12,39,167503724569,1
12,39,167503724570,0
12,39,167503724571,0
12,39,167503724572,0
12,39,167503724573,0
13,39,167503724544,1
13,39,167503724545,0
13,39,167503724546,1
13,39,167503724547,0
13,39,167503724548,1
13,39,167503724549,0
13,39,167503724550,0
13,39,167503724551,1
13,39,167503724552,355
13,39,167503724553,1
13,39,167503724554,0
13,39,167503724555,1
13,39,167503724556,0
13,39,167503724557,1
13,39,167503724558,0
13,39,167503724559,0
13,39,167503724560,1
13,39,167503724561,0
13,39,167503724562,1
13,39,167503724563,0
13,39,167503724564,1
13,39,167503724565,1
13,39,167503724566,1
13,39,167503724567,1
13,39,167503724568,1
13,39,167503724569,0
13,39,167503724570,1
13,39,167503724571,0
13,39,167503724572,1
13,39,167503724573,0
14,39,167503724544,700
14,39,167503724545,385
14,39,167503724546,326
14,39,167503724547,999
14,39,167503724548,394
14,39,167503724549,198
14,39,167503724550,256
14,39,167503724551,195
14,39,167503724552,6393
14,39,167503724553,433
14,39,167503724554,104
14,39,167503724555,109
14,39,167503724556,313
14,39,167503724557,196
14,39,167503724558,142
14,39,167503724559,95
14,39,167503724560,315
14,39,167503724561,226
14,39,167503724562,110
14,39,167503724563,316
14,39,167503724564,3118
14,39,167503724565,3384
14,39,167503724566,187
14,39,167503724567,100
14,39,167503724568,80
14,39,167503724569,90
14,39,167503724570,99
14,39,167503724571,93
14,39,167503724572,98
14,39,167503724573,216
15,39,167503724544,0
15,39,167503724545,0
15,39,167503724546,0
15,39,167503724547,0
15,39,167503724548,0
15,39,167503724549,0
15,39,167503724550,0
15,39,167503724551,0
15,39,167503724552,0
15,39,167503724553,0
15,39,167503724554,0
15,39,167503724555,0
15,39,167503724556,0
15,39,167503724557,0
15,39,167503724558,0
15,39,167503724559,0
15,39,167503724560,0
15,39,167503724561,0
15,39,167503724562,0
15,39,167503724563,0
15,39,167503724564,0
15,39,167503724565,0
15,39,167503724566,0
15,39,167503724567,0
15,39,167503724568,0
15,39,167503724569,0
15,39,167503724570,0
15,39,167503724571,0
15,39,167503724572,0
15,39,167503724573,0
