0,11,47244640256,11
0,11,47244640257,22
0,11,47244640258,1
0,11,47244640259,0
0,11,47244640260,1
0,11,47244640261,26
0,11,47244640262,21
0,11,47244640263,4
0,11,47244640264,0
0,11,47244640265,0
0,11,47244640266,1
0,11,47244640267,0
0,11,47244640268,1
0,11,47244640269,0
0,11,47244640270,5
0,11,47244640271,1
0,11,47244640272,3
0,11,47244640273,1
0,11,47244640274,0
0,11,47244640275,0
0,11,47244640276,1
0,11,47244640277,0
0,11,47244640278,0
0,11,47244640279,0
0,11,47244640280,0
0,11,47244640281,1
0,11,47244640282,1
0,11,47244640283,1
0,11,47244640284,0
0,11,47244640285,0
0,11,47244640286,1
0,11,47244640287,2
0,11,47244640288,1
0,11,47244640289,1
0,11,47244640290,0
0,11,47244640291,1
0,11,47244640292,0
0,11,47244640293,0
0,11,47244640294,1
0,11,47244640295,5
0,11,47244640296,1
0,11,47244640297,5
0,11,47244640298,1
0,11,47244640299,1
0,11,47244640300,0
0,11,47244640301,0
0,11,47244640302,1
0,11,47244640303,0
0,11,47244640304,1
0,11,47244640305,0
0,11,47244640306,0
0,11,47244640307,1
0,11,47244640308,1
0,11,47244640309,0
0,11,47244640310,1
0,11,47244640311,0
0,11,47244640312,1
0,11,47244640313,0
0,11,47244640314,1
0,11,47244640315,0
0,11,47244640316,1
0,11,47244640317,3
0,11,47244640318,0
0,11,47244640319,0
0,11,47244640320,1
0,11,47244640321,0
0,11,47244640322,0
0,11,47244640323,1
0,11,47244640324,2
0,11,47244640325,1
0,11,47244640326,1
0,11,47244640327,2
0,11,47244640328,0
0,11,47244640329,1
0,11,47244640330,0
0,11,47244640331,0
0,11,47244640332,0
0,11,47244640333,0
0,11,47244640334,0
0,11,47244640335,1
0,11,47244640336,0
0,11,47244640337,1
0,11,47244640338,0
0,11,47244640339,0
0,11,47244640340,1
0,11,47244640341,0
0,11,47244640342,0
0,11,47244640343,1
0,11,47244640344,0
0,11,47244640345,1
0,11,47244640346,0
0,11,47244640347,1
0,11,47244640348,0
0,11,47244640349,1
0,11,47244640350,1
0,11,47244640351,0
0,11,47244640352,1
0,11,47244640353,1
0,11,47244640354,0
0,11,47244640355,0
0,11,47244640356,1
0,11,47244640357,0
0,11,47244640358,0
0,11,47244640359,1
0,11,47244640360,0
0,11,47244640361,2
0,11,47244640362,1
0,11,47244640363,2
0,11,47244640364,0
0,11,47244640365,0
0,11,47244640366,1
0,11,47244640367,0
0,11,47244640368,0
0,11,47244640369,1
0,11,47244640370,21
0,11,47244640371,1
0,11,47244640372,0
0,11,47244640373,4
0,11,47244640374,0
0,11,47244640375,0
0,11,47244640376,1
0,11,47244640377,0
0,11,47244640378,0
0,11,47244640379,1
0,11,47244640380,0
0,11,47244640381,0
0,11,47244640382,1
0,11,47244640383,0
0,11,47244640384,0
0,11,47244640385,5
0,11,47244640386,0
0,11,47244640387,1
0,11,47244640388,4
0,11,47244640389,0
0,11,47244640390,1
0,11,47244640391,1
0,11,47244640392,0
0,11,47244640393,2
0,11,47244640394,1
0,11,47244640395,0
0,11,47244640396,0
0,11,47244640397,1
0,11,47244640398,1
0,11,47244640399,2
0,11,47244640400,1
0,11,47244640401,0
0,11,47244640402,0
0,11,47244640403,1
0,11,47244640404,0
0,11,47244640405,0
0,11,47244640406,1
0,11,47244640407,3
0,11,47244640408,0
0,11,47244640409,1
0,11,47244640410,0
0,11,47244640411,3
0,11,47244640412,0
0,11,47244640413,0
0,11,47244640414,1
0,11,47244640415,1
0,11,47244640416,0
0,11,47244640417,0
0,11,47244640418,2
0,11,47244640419,0
0,11,47244640420,1
0,11,47244640421,1
0,11,47244640422,3
0,11,47244640423,0
0,11,47244640424,0
0,11,47244640425,1
0,11,47244640426,0
0,11,47244640427,0
0,11,47244640428,13
0,11,47244640429,0
0,11,47244640430,0
0,11,47244640431,0
0,11,47244640432,1
0,11,47244640433,0
0,11,47244640434,3
0,11,47244640435,3
0,11,47244640436,1
0,11,47244640437,0
0,11,47244640438,1
0,11,47244640439,0
0,11,47244640440,0
0,11,47244640441,1
0,11,47244640442,0
0,11,47244640443,0
0,11,47244640444,2
0,11,47244640445,1
0,11,47244640446,0
0,11,47244640447,0
0,11,47244640448,2
0,11,47244640449,0
0,11,47244640450,0
0,11,47244640451,0
0,11,47244640452,0
0,11,47244640453,1
0,11,47244640454,0
0,11,47244640455,0
0,11,47244640456,0
0,11,47244640457,0
0,11,47244640458,1
0,11,47244640459,0
0,11,47244640460,2
0,11,47244640461,2
0,11,47244640462,0
0,11,47244640463,0
0,11,47244640464,0
0,11,47244640465,1
0,11,47244640466,0
0,11,47244640467,6
0,11,47244640468,2
0,11,47244640469,1
0,11,47244640470,1
0,11,47244640471,1
0,11,47244640472,0
0,11,47244640473,0
0,11,47244640474,0
1,11,47244640256,3469
1,11,47244640257,3734
1,11,47244640258,3180
1,11,47244640259,2753
1,11,47244640260,3283
1,11,47244640261,2997
1,11,47244640262,2813
1,11,47244640263,2688
1,11,47244640264,3955
1,11,47244640265,2587
1,11,47244640266,3994
1,11,47244640267,4630
1,11,47244640268,2636
1,11,47244640269,2829
1,11,47244640270,2544
1,11,47244640271,1918
1,11,47244640272,2421
1,11,47244640273,2042
1,11,47244640274,2346
1,11,47244640275,5155
1,11,47244640276,2334
1,11,47244640277,1566
1,11,47244640278,2266
1,11,47244640279,2275
1,11,47244640280,2259
1,11,47244640281,1999
1,11,47244640282,1587
1,11,47244640283,1431
1,11,47244640284,1021
1,11,47244640285,1088
1,11,47244640286,1071
1,11,47244640287,434
1,11,47244640288,311
1,11,47244640289,309
1,11,47244640290,251
1,11,47244640291,268
1,11,47244640292,268
1,11,47244640293,434
1,11,47244640294,268
1,11,47244640295,303
1,11,47244640296,242
1,11,47244640297,426
1,11,47244640298,268
1,11,47244640299,267
1,11,47244640300,334
1,11,47244640301,267
1,11,47244640302,585
1,11,47244640303,335
1,11,47244640304,285
1,11,47244640305,267
1,11,47244640306,268
1,11,47244640307,268
1,11,47244640308,267
1,11,47244640309,268
1,11,47244640310,267
1,11,47244640311,260
1,11,47244640312,270
1,11,47244640313,15
1,11,47244640314,23
1,11,47244640315,37
1,11,47244640316,25
1,11,47244640317,16
1,11,47244640318,16
1,11,47244640319,15
1,11,47244640320,15
1,11,47244640321,15
1,11,47244640322,14
1,11,47244640323,14
1,11,47244640324,15
1,11,47244640325,16
1,11,47244640326,15
1,11,47244640327,14
1,11,47244640328,13
1,11,47244640329,14
1,11,47244640330,16
1,11,47244640331,13
1,11,47244640332,16
1,11,47244640333,16
1,11,47244640334,15
1,11,47244640335,14
1,11,47244640336,14
1,11,47244640337,14
1,11,47244640338,15
1,11,47244640339,12
1,11,47244640340,16
1,11,47244640341,14
1,11,47244640342,13
1,11,47244640343,10
1,11,47244640344,15
1,11,47244640345,16
1,11,47244640346,14
1,11,47244640347,14
1,11,47244640348,14
1,11,47244640349,12
1,11,47244640350,13
1,11,47244640351,15
1,11,47244640352,14
1,11,47244640353,13
1,11,47244640354,16
1,11,47244640355,16
1,11,47244640356,12
1,11,47244640357,13
1,11,47244640358,15
1,11,47244640359,15
1,11,47244640360,14
1,11,47244640361,16
1,11,47244640362,12
1,11,47244640363,12
1,11,47244640364,13
1,11,47244640365,13
1,11,47244640366,12
1,11,47244640367,14
1,11,47244640368,16
1,11,47244640369,13
1,11,47244640370,9494
1,11,47244640371,47
1,11,47244640372,8
1,11,47244640373,10
1,11,47244640374,8
1,11,47244640375,10
1,11,47244640376,8
1,11,47244640377,9
1,11,47244640378,10
1,11,47244640379,8
1,11,47244640380,9
1,11,47244640381,8
1,11,47244640382,9
1,11,47244640383,8
1,11,47244640384,8
1,11,47244640385,9
1,11,47244640386,8
1,11,47244640387,8
1,11,47244640388,9
1,11,47244640389,8
1,11,47244640390,8
1,11,47244640391,9
1,11,47244640392,8
1,11,47244640393,9
1,11,47244640394,8
1,11,47244640395,9
1,11,47244640396,8
1,11,47244640397,8
1,11,47244640398,9
1,11,47244640399,9
1,11,47244640400,10
1,11,47244640401,10
1,11,47244640402,9
1,11,47244640403,11
1,11,47244640404,9
1,11,47244640405,10
1,11,47244640406,10
1,11,47244640407,9
1,11,47244640408,9
1,11,47244640409,10
1,11,47244640410,10
1,11,47244640411,10
1,11,47244640412,10
1,11,47244640413,9
1,11,47244640414,10
1,11,47244640415,10
1,11,47244640416,10
1,11,47244640417,10
1,11,47244640418,10
1,11,47244640419,9
1,11,47244640420,10
1,11,47244640421,10
1,11,47244640422,10
1,11,47244640423,10
1,11,47244640424,1001
1,11,47244640425,8
1,11,47244640426,9
1,11,47244640427,8
1,11,47244640428,9
1,11,47244640429,8
1,11,47244640430,9
1,11,47244640431,8
1,11,47244640432,8
1,11,47244640433,8
1,11,47244640434,8
1,11,47244640435,8
1,11,47244640436,8
1,11,47244640437,8
1,11,47244640438,8
1,11,47244640439,9
1,11,47244640440,8
1,11,47244640441,8
1,11,47244640442,8
1,11,47244640443,9
1,11,47244640444,8
1,11,47244640445,8
1,11,47244640446,8
1,11,47244640447,9
1,11,47244640448,7
1,11,47244640449,8
1,11,47244640450,8
1,11,47244640451,8
1,11,47244640452,9
1,11,47244640453,8
1,11,47244640454,8
1,11,47244640455,8
1,11,47244640456,8
1,11,47244640457,8
1,11,47244640458,8
1,11,47244640459,9
1,11,47244640460,8
1,11,47244640461,9
1,11,47244640462,7
1,11,47244640463,8
1,11,47244640464,9
1,11,47244640465,8
1,11,47244640466,9
1,11,47244640467,8
1,11,47244640468,8
1,11,47244640469,8
1,11,47244640470,8
1,11,47244640471,8
1,11,47244640472,8
1,11,47244640473,8
1,11,47244640474,8
2,11,47244640256,0
2,11,47244640257,0
2,11,47244640258,0
2,11,47244640259,0
2,11,47244640260,0
2,11,47244640261,0
2,11,47244640262,0
2,11,47244640263,0
2,11,47244640264,0
2,11,47244640265,0
2,11,47244640266,0
2,11,47244640267,0
2,11,47244640268,0
2,11,47244640269,0
2,11,47244640270,0
2,11,47244640271,0
2,11,47244640272,0
2,11,47244640273,0
2,11,47244640274,0
2,11,47244640275,0
2,11,47244640276,0
2,11,47244640277,0
2,11,47244640278,0
2,11,47244640279,0
2,11,47244640280,0
2,11,47244640281,0
2,11,47244640282,0
2,11,47244640283,0
2,11,47244640284,0
2,11,47244640285,0
2,11,47244640286,0
2,11,47244640287,0
2,11,47244640288,0
2,11,47244640289,0
2,11,47244640290,0
2,11,47244640291,0
2,11,47244640292,0
2,11,47244640293,0
2,11,47244640294,0
2,11,47244640295,0
2,11,47244640296,0
2,11,47244640297,0
2,11,47244640298,0
2,11,47244640299,0
2,11,47244640300,0
2,11,47244640301,0
2,11,47244640302,0
2,11,47244640303,0
2,11,47244640304,0
2,11,47244640305,0
2,11,47244640306,0
2,11,47244640307,0
2,11,47244640308,0
2,11,47244640309,0
2,11,47244640310,0
2,11,47244640311,0
2,11,47244640312,0
2,11,47244640313,0
2,11,47244640314,0
2,11,47244640315,0
2,11,47244640316,0
2,11,47244640317,0
2,11,47244640318,0
2,11,47244640319,0
2,11,47244640320,0
2,11,47244640321,0
2,11,47244640322,0
2,11,47244640323,0
2,11,47244640324,0
2,11,47244640325,0
2,11,47244640326,0
2,11,47244640327,0
2,11,47244640328,0
2,11,47244640329,0
2,11,47244640330,0
2,11,47244640331,0
2,11,47244640332,0
2,11,47244640333,0
2,11,47244640334,0
2,11,47244640335,0
2,11,47244640336,0
2,11,47244640337,0
2,11,47244640338,0
2,11,47244640339,0
2,11,47244640340,0
2,11,47244640341,0
2,11,47244640342,0
2,11,47244640343,0
2,11,47244640344,0
2,11,47244640345,0
2,11,47244640346,0
2,11,47244640347,0
2,11,47244640348,0
2,11,47244640349,0
2,11,47244640350,0
2,11,47244640351,0
2,11,47244640352,0
2,11,47244640353,0
2,11,47244640354,0
2,11,47244640355,0
2,11,47244640356,0
2,11,47244640357,0
2,11,47244640358,0
2,11,47244640359,0
2,11,47244640360,0
2,11,47244640361,0
2,11,47244640362,0
2,11,47244640363,0
2,11,47244640364,0
2,11,47244640365,0
2,11,47244640366,0
2,11,47244640367,0
2,11,47244640368,0
2,11,47244640369,0
2,11,47244640370,0
2,11,47244640371,0
2,11,47244640372,0
2,11,47244640373,0
2,11,47244640374,0
2,11,47244640375,0
2,11,47244640376,0
2,11,47244640377,0
2,11,47244640378,0
2,11,47244640379,0
2,11,47244640380,0
2,11,47244640381,0
2,11,47244640382,0
2,11,47244640383,0
2,11,47244640384,0
2,11,47244640385,0
2,11,47244640386,0
2,11,47244640387,0
2,11,47244640388,0
2,11,47244640389,0
2,11,47244640390,0
2,11,47244640391,0
2,11,47244640392,0
2,11,47244640393,0
2,11,47244640394,0
2,11,47244640395,0
2,11,47244640396,0
2,11,47244640397,0
2,11,47244640398,0
2,11,47244640399,0
2,11,47244640400,0
2,11,47244640401,0
2,11,47244640402,0
2,11,47244640403,0
2,11,47244640404,0
2,11,47244640405,0
2,11,47244640406,0
2,11,47244640407,0
2,11,47244640408,0
2,11,47244640409,0
2,11,47244640410,0
2,11,47244640411,0
2,11,47244640412,0
2,11,47244640413,1
2,11,47244640414,0
2,11,47244640415,0
2,11,47244640416,0
2,11,47244640417,0
2,11,47244640418,0
2,11,47244640419,0
2,11,47244640420,0
2,11,47244640421,0
2,11,47244640422,0
2,11,47244640423,0
2,11,47244640424,0
2,11,47244640425,0
2,11,47244640426,0
2,11,47244640427,0
2,11,47244640428,0
2,11,47244640429,0
2,11,47244640430,0
2,11,47244640431,0
2,11,47244640432,0
2,11,47244640433,0
2,11,47244640434,0
2,11,47244640435,0
2,11,47244640436,0
2,11,47244640437,0
2,11,47244640438,0
2,11,47244640439,0
2,11,47244640440,0
2,11,47244640441,0
2,11,47244640442,0
2,11,47244640443,0
2,11,47244640444,0
2,11,47244640445,0
2,11,47244640446,0
2,11,47244640447,0
2,11,47244640448,0
2,11,47244640449,0
2,11,47244640450,0
2,11,47244640451,0
2,11,47244640452,0
2,11,47244640453,0
2,11,47244640454,0
2,11,47244640455,0
2,11,47244640456,0
2,11,47244640457,0
2,11,47244640458,0
2,11,47244640459,0
2,11,47244640460,0
2,11,47244640461,0
2,11,47244640462,0
2,11,47244640463,0
2,11,47244640464,0
2,11,47244640465,0
2,11,47244640466,0
2,11,47244640467,0
2,11,47244640468,0
2,11,47244640469,1
2,11,47244640470,0
2,11,47244640471,0
2,11,47244640472,0
2,11,47244640473,0
2,11,47244640474,0
3,11,47244640256,0
3,11,47244640257,0
3,11,47244640258,0
3,11,47244640259,0
3,11,47244640260,0
3,11,47244640261,354
3,11,47244640262,4781
3,11,47244640263,127
3,11,47244640264,0
3,11,47244640265,0
3,11,47244640266,0
3,11,47244640267,0
3,11,47244640268,0
3,11,47244640269,0
3,11,47244640270,321
3,11,47244640271,9
3,11,47244640272,0
3,11,47244640273,0
3,11,47244640274,0
3,11,47244640275,1
3,11,47244640276,0
3,11,47244640277,0
3,11,47244640278,0
3,11,47244640279,0
3,11,47244640280,0
3,11,47244640281,57
3,11,47244640282,0
3,11,47244640283,0
3,11,47244640284,0
3,11,47244640285,0
3,11,47244640286,0
3,11,47244640287,0
3,11,47244640288,0
3,11,47244640289,0
3,11,47244640290,0
3,11,47244640291,0
3,11,47244640292,0
3,11,47244640293,0
3,11,47244640294,0
3,11,47244640295,0
3,11,47244640296,0
3,11,47244640297,288
3,11,47244640298,29
3,11,47244640299,0
3,11,47244640300,0
3,11,47244640301,0
3,11,47244640302,0
3,11,47244640303,0
3,11,47244640304,0
3,11,47244640305,0
3,11,47244640306,0
3,11,47244640307,0
3,11,47244640308,0
3,11,47244640309,0
3,11,47244640310,0
3,11,47244640311,0
3,11,47244640312,0
3,11,47244640313,0
3,11,47244640314,30
3,11,47244640315,0
3,11,47244640316,0
3,11,47244640317,0
3,11,47244640318,0
3,11,47244640319,0
3,11,47244640320,0
3,11,47244640321,0
3,11,47244640322,0
3,11,47244640323,0
3,11,47244640324,0
3,11,47244640325,0
3,11,47244640326,0
3,11,47244640327,0
3,11,47244640328,0
3,11,47244640329,0
3,11,47244640330,2
3,11,47244640331,0
3,11,47244640332,0
3,11,47244640333,0
3,11,47244640334,0
3,11,47244640335,0
3,11,47244640336,0
3,11,47244640337,0
3,11,47244640338,0
3,11,47244640339,0
3,11,47244640340,0
3,11,47244640341,0
3,11,47244640342,0
3,11,47244640343,0
3,11,47244640344,0
3,11,47244640345,0
3,11,47244640346,0
3,11,47244640347,0
3,11,47244640348,0
3,11,47244640349,0
3,11,47244640350,0
3,11,47244640351,3
3,11,47244640352,0
3,11,47244640353,0
3,11,47244640354,0
3,11,47244640355,0
3,11,47244640356,0
3,11,47244640357,0
3,11,47244640358,0
3,11,47244640359,0
3,11,47244640360,0
3,11,47244640361,0
3,11,47244640362,0
3,11,47244640363,81
3,11,47244640364,0
3,11,47244640365,0
3,11,47244640366,0
3,11,47244640367,0
3,11,47244640368,0
3,11,47244640369,0
3,11,47244640370,3
3,11,47244640371,0
3,11,47244640372,0
3,11,47244640373,0
3,11,47244640374,0
3,11,47244640375,0
3,11,47244640376,0
3,11,47244640377,0
3,11,47244640378,0
3,11,47244640379,0
3,11,47244640380,0
3,11,47244640381,0
3,11,47244640382,1
3,11,47244640383,0
3,11,47244640384,0
3,11,47244640385,0
3,11,47244640386,0
3,11,47244640387,1
3,11,47244640388,0
3,11,47244640389,0
3,11,47244640390,0
3,11,47244640391,0
3,11,47244640392,0
3,11,47244640393,102
3,11,47244640394,0
3,11,47244640395,0
3,11,47244640396,0
3,11,47244640397,0
3,11,47244640398,0
3,11,47244640399,44
3,11,47244640400,17
3,11,47244640401,0
3,11,47244640402,0
3,11,47244640403,0
3,11,47244640404,0
3,11,47244640405,0
3,11,47244640406,0
3,11,47244640407,159
3,11,47244640408,0
3,11,47244640409,0
3,11,47244640410,0
3,11,47244640411,0
3,11,47244640412,0
3,11,47244640413,0
3,11,47244640414,0
3,11,47244640415,0
3,11,47244640416,0
3,11,47244640417,0
3,11,47244640418,0
3,11,47244640419,0
3,11,47244640420,0
3,11,47244640421,9
3,11,47244640422,0
3,11,47244640423,0
3,11,47244640424,0
3,11,47244640425,0
3,11,47244640426,0
3,11,47244640427,0
3,11,47244640428,226
3,11,47244640429,0
3,11,47244640430,0
3,11,47244640431,0
3,11,47244640432,0
3,11,47244640433,0
3,11,47244640434,0
3,11,47244640435,0
3,11,47244640436,0
3,11,47244640437,0
3,11,47244640438,0
3,11,47244640439,0
3,11,47244640440,0
3,11,47244640441,0
3,11,47244640442,0
3,11,47244640443,0
3,11,47244640444,72
3,11,47244640445,0
3,11,47244640446,0
3,11,47244640447,0
3,11,47244640448,0
3,11,47244640449,0
3,11,47244640450,0
3,11,47244640451,0
3,11,47244640452,0
3,11,47244640453,0
3,11,47244640454,0
3,11,47244640455,0
3,11,47244640456,0
3,11,47244640457,0
3,11,47244640458,0
3,11,47244640459,0
3,11,47244640460,0
3,11,47244640461,0
3,11,47244640462,0
3,11,47244640463,0
3,11,47244640464,0
3,11,47244640465,0
3,11,47244640466,0
3,11,47244640467,0
3,11,47244640468,0
3,11,47244640469,0
3,11,47244640470,0
3,11,47244640471,0
3,11,47244640472,1
3,11,47244640473,0
3,11,47244640474,0
4,11,47244640256,0
4,11,47244640257,0
4,11,47244640258,0
4,11,47244640259,0
4,11,47244640260,0
4,11,47244640261,21
4,11,47244640262,0
4,11,47244640263,0
4,11,47244640264,0
4,11,47244640265,0
4,11,47244640266,1
4,11,47244640267,0
4,11,47244640268,0
4,11,47244640269,0
4,11,47244640270,320
4,11,47244640271,11
4,11,47244640272,140
4,11,47244640273,0
4,11,47244640274,0
4,11,47244640275,0
4,11,47244640276,0
4,11,47244640277,0
4,11,47244640278,0
4,11,47244640279,1
4,11,47244640280,0
4,11,47244640281,56
4,11,47244640282,2
4,11,47244640283,0
4,11,47244640284,0
4,11,47244640285,0
4,11,47244640286,0
4,11,47244640287,120
4,11,47244640288,4
4,11,47244640289,28
4,11,47244640290,0
4,11,47244640291,0
4,11,47244640292,0
4,11,47244640293,0
4,11,47244640294,0
4,11,47244640295,840
4,11,47244640296,0
4,11,47244640297,0
4,11,47244640298,0
4,11,47244640299,0
4,11,47244640300,0
4,11,47244640301,0
4,11,47244640302,0
4,11,47244640303,0
4,11,47244640304,1
4,11,47244640305,0
4,11,47244640306,0
4,11,47244640307,0
4,11,47244640308,54
4,11,47244640309,0
4,11,47244640310,0
4,11,47244640311,0
4,11,47244640312,2
4,11,47244640313,1
4,11,47244640314,33
4,11,47244640315,0
4,11,47244640316,5
4,11,47244640317,131
4,11,47244640318,0
4,11,47244640319,0
4,11,47244640320,1
4,11,47244640321,0
4,11,47244640322,0
4,11,47244640323,2
4,11,47244640324,40
4,11,47244640325,38
4,11,47244640326,0
4,11,47244640327,0
4,11,47244640328,0
4,11,47244640329,0
4,11,47244640330,0
4,11,47244640331,0
4,11,47244640332,0
4,11,47244640333,0
4,11,47244640334,0
4,11,47244640335,0
4,11,47244640336,0
4,11,47244640337,0
4,11,47244640338,0
4,11,47244640339,0
4,11,47244640340,0
4,11,47244640341,0
4,11,47244640342,0
4,11,47244640343,1
4,11,47244640344,3
4,11,47244640345,1
4,11,47244640346,0
4,11,47244640347,24
4,11,47244640348,0
4,11,47244640349,0
4,11,47244640350,0
4,11,47244640351,3
4,11,47244640352,5
4,11,47244640353,16
4,11,47244640354,4
4,11,47244640355,3
4,11,47244640356,0
4,11,47244640357,0
4,11,47244640358,0
4,11,47244640359,0
4,11,47244640360,0
4,11,47244640361,0
4,11,47244640362,0
4,11,47244640363,87
4,11,47244640364,0
4,11,47244640365,0
4,11,47244640366,0
4,11,47244640367,0
4,11,47244640368,0
4,11,47244640369,0
4,11,47244640370,0
4,11,47244640371,0
4,11,47244640372,0
4,11,47244640373,1
4,11,47244640374,0
4,11,47244640375,0
4,11,47244640376,0
4,11,47244640377,0
4,11,47244640378,0
4,11,47244640379,0
4,11,47244640380,0
4,11,47244640381,0
4,11,47244640382,0
4,11,47244640383,0
4,11,47244640384,0
4,11,47244640385,0
4,11,47244640386,0
4,11,47244640387,6
4,11,47244640388,281
4,11,47244640389,0
4,11,47244640390,0
4,11,47244640391,22
4,11,47244640392,0
4,11,47244640393,97
4,11,47244640394,0
4,11,47244640395,0
4,11,47244640396,0
4,11,47244640397,0
4,11,47244640398,39
4,11,47244640399,0
4,11,47244640400,0
4,11,47244640401,0
4,11,47244640402,0
4,11,47244640403,0
4,11,47244640404,0
4,11,47244640405,0
4,11,47244640406,0
4,11,47244640407,164
4,11,47244640408,0
4,11,47244640409,0
4,11,47244640410,0
4,11,47244640411,118
4,11,47244640412,0
4,11,47244640413,0
4,11,47244640414,0
4,11,47244640415,7
4,11,47244640416,0
4,11,47244640417,0
4,11,47244640418,49
4,11,47244640419,0
4,11,47244640420,1
4,11,47244640421,0
4,11,47244640422,0
4,11,47244640423,0
4,11,47244640424,0
4,11,47244640425,0
4,11,47244640426,0
4,11,47244640427,1
4,11,47244640428,580
4,11,47244640429,0
4,11,47244640430,1
4,11,47244640431,0
4,11,47244640432,0
4,11,47244640433,0
4,11,47244640434,294
4,11,47244640435,0
4,11,47244640436,0
4,11,47244640437,0
4,11,47244640438,0
4,11,47244640439,0
4,11,47244640440,0
4,11,47244640441,0
4,11,47244640442,0
4,11,47244640443,0
4,11,47244640444,146
4,11,47244640445,0
4,11,47244640446,0
4,11,47244640447,0
4,11,47244640448,84
4,11,47244640449,0
4,11,47244640450,0
4,11,47244640451,0
4,11,47244640452,0
4,11,47244640453,0
4,11,47244640454,3
4,11,47244640455,0
4,11,47244640456,0
4,11,47244640457,4
4,11,47244640458,0
4,11,47244640459,0
4,11,47244640460,112
4,11,47244640461,16
4,11,47244640462,0
4,11,47244640463,0
4,11,47244640464,0
4,11,47244640465,0
4,11,47244640466,0
4,11,47244640467,449
4,11,47244640468,0
4,11,47244640469,0
4,11,47244640470,56
4,11,47244640471,7
4,11,47244640472,0
4,11,47244640473,0
4,11,47244640474,0
5,11,47244640256,1
5,11,47244640257,0
5,11,47244640258,0
5,11,47244640259,0
5,11,47244640260,0
5,11,47244640261,0
5,11,47244640262,0
5,11,47244640263,0
5,11,47244640264,0
5,11,47244640265,0
5,11,47244640266,0
5,11,47244640267,0
5,11,47244640268,0
5,11,47244640269,0
5,11,47244640270,321
5,11,47244640271,0
5,11,47244640272,143
5,11,47244640273,0
5,11,47244640274,0
5,11,47244640275,1
5,11,47244640276,0
5,11,47244640277,0
5,11,47244640278,0
5,11,47244640279,0
5,11,47244640280,0
5,11,47244640281,57
5,11,47244640282,2
5,11,47244640283,0
5,11,47244640284,0
5,11,47244640285,0
5,11,47244640286,0
5,11,47244640287,123
5,11,47244640288,0
5,11,47244640289,0
5,11,47244640290,0
5,11,47244640291,0
5,11,47244640292,0
5,11,47244640293,0
5,11,47244640294,0
5,11,47244640295,0
5,11,47244640296,0
5,11,47244640297,0
5,11,47244640298,0
5,11,47244640299,0
5,11,47244640300,0
5,11,47244640301,0
5,11,47244640302,0
5,11,47244640303,0
5,11,47244640304,0
5,11,47244640305,0
5,11,47244640306,0
5,11,47244640307,0
5,11,47244640308,0
5,11,47244640309,0
5,11,47244640310,0
5,11,47244640311,0
5,11,47244640312,0
5,11,47244640313,0
5,11,47244640314,0
5,11,47244640315,0
5,11,47244640316,2
5,11,47244640317,0
5,11,47244640318,0
5,11,47244640319,0
5,11,47244640320,0
5,11,47244640321,0
5,11,47244640322,0
5,11,47244640323,0
5,11,47244640324,0
5,11,47244640325,0
5,11,47244640326,0
5,11,47244640327,0
5,11,47244640328,1
5,11,47244640329,0
5,11,47244640330,2
5,11,47244640331,0
5,11,47244640332,0
5,11,47244640333,0
5,11,47244640334,0
5,11,47244640335,0
5,11,47244640336,0
5,11,47244640337,0
5,11,47244640338,0
5,11,47244640339,0
5,11,47244640340,0
5,11,47244640341,0
5,11,47244640342,0
5,11,47244640343,0
5,11,47244640344,0
5,11,47244640345,0
5,11,47244640346,0
5,11,47244640347,0
5,11,47244640348,0
5,11,47244640349,0
5,11,47244640350,0
5,11,47244640351,2
5,11,47244640352,0
5,11,47244640353,18
5,11,47244640354,0
5,11,47244640355,4
5,11,47244640356,0
5,11,47244640357,0
5,11,47244640358,0
5,11,47244640359,0
5,11,47244640360,0
5,11,47244640361,0
5,11,47244640362,0
5,11,47244640363,82
5,11,47244640364,0
5,11,47244640365,0
5,11,47244640366,0
5,11,47244640367,0
5,11,47244640368,0
5,11,47244640369,0
5,11,47244640370,0
5,11,47244640371,0
5,11,47244640372,0
5,11,47244640373,0
5,11,47244640374,0
5,11,47244640375,0
5,11,47244640376,0
5,11,47244640377,0
5,11,47244640378,0
5,11,47244640379,0
5,11,47244640380,0
5,11,47244640381,0
5,11,47244640382,0
5,11,47244640383,0
5,11,47244640384,0
5,11,47244640385,0
5,11,47244640386,0
5,11,47244640387,0
5,11,47244640388,78
5,11,47244640389,12
5,11,47244640390,0
5,11,47244640391,0
5,11,47244640392,0
5,11,47244640393,0
5,11,47244640394,0
5,11,47244640395,0
5,11,47244640396,0
5,11,47244640397,0
5,11,47244640398,0
5,11,47244640399,0
5,11,47244640400,0
5,11,47244640401,0
5,11,47244640402,0
5,11,47244640403,0
5,11,47244640404,0
5,11,47244640405,0
5,11,47244640406,0
5,11,47244640407,0
5,11,47244640408,0
5,11,47244640409,0
5,11,47244640410,0
5,11,47244640411,0
5,11,47244640412,0
5,11,47244640413,0
5,11,47244640414,0
5,11,47244640415,0
5,11,47244640416,0
5,11,47244640417,0
5,11,47244640418,49
5,11,47244640419,0
5,11,47244640420,1
5,11,47244640421,0
5,11,47244640422,0
5,11,47244640423,0
5,11,47244640424,0
5,11,47244640425,0
5,11,47244640426,0
5,11,47244640427,1
5,11,47244640428,13
5,11,47244640429,0
5,11,47244640430,0
5,11,47244640431,0
5,11,47244640432,0
5,11,47244640433,0
5,11,47244640434,0
5,11,47244640435,0
5,11,47244640436,0
5,11,47244640437,0
5,11,47244640438,0
5,11,47244640439,0
5,11,47244640440,0
5,11,47244640441,0
5,11,47244640442,0
5,11,47244640443,0
5,11,47244640444,0
5,11,47244640445,0
5,11,47244640446,0
5,11,47244640447,0
5,11,47244640448,2
5,11,47244640449,0
5,11,47244640450,0
5,11,47244640451,0
5,11,47244640452,0
5,11,47244640453,0
5,11,47244640454,0
5,11,47244640455,0
5,11,47244640456,0
5,11,47244640457,0
5,11,47244640458,0
5,11,47244640459,0
5,11,47244640460,0
5,11,47244640461,1
5,11,47244640462,0
5,11,47244640463,0
5,11,47244640464,0
5,11,47244640465,0
5,11,47244640466,0
5,11,47244640467,0
5,11,47244640468,0
5,11,47244640469,0
5,11,47244640470,0
5,11,47244640471,0
5,11,47244640472,0
5,11,47244640473,0
5,11,47244640474,0
6,11,47244640256,0
6,11,47244640257,0
6,11,47244640258,0
6,11,47244640259,0
6,11,47244640260,0
6,11,47244640261,0
6,11,47244640262,0
6,11,47244640263,0
6,11,47244640264,0
6,11,47244640265,0
6,11,47244640266,0
6,11,47244640267,0
6,11,47244640268,0
6,11,47244640269,0
6,11,47244640270,0
6,11,47244640271,0
6,11,47244640272,0
6,11,47244640273,0
6,11,47244640274,0
6,11,47244640275,0
6,11,47244640276,0
6,11,47244640277,0
6,11,47244640278,0
6,11,47244640279,0
6,11,47244640280,0
6,11,47244640281,0
6,11,47244640282,0
6,11,47244640283,0
6,11,47244640284,0
6,11,47244640285,0
6,11,47244640286,0
6,11,47244640287,0
6,11,47244640288,0
6,11,47244640289,0
6,11,47244640290,0
6,11,47244640291,0
6,11,47244640292,0
6,11,47244640293,0
6,11,47244640294,0
6,11,47244640295,0
6,11,47244640296,0
6,11,47244640297,0
6,11,47244640298,0
6,11,47244640299,0
6,11,47244640300,0
6,11,47244640301,0
6,11,47244640302,0
6,11,47244640303,0
6,11,47244640304,0
6,11,47244640305,0
6,11,47244640306,0
6,11,47244640307,0
6,11,47244640308,54
6,11,47244640309,0
6,11,47244640310,0
6,11,47244640311,0
6,11,47244640312,0
6,11,47244640313,0
6,11,47244640314,0
6,11,47244640315,0
6,11,47244640316,0
6,11,47244640317,0
6,11,47244640318,0
6,11,47244640319,0
6,11,47244640320,0
6,11,47244640321,0
6,11,47244640322,0
6,11,47244640323,0
6,11,47244640324,0
6,11,47244640325,0
6,11,47244640326,0
6,11,47244640327,0
6,11,47244640328,0
6,11,47244640329,0
6,11,47244640330,0
6,11,47244640331,1
6,11,47244640332,0
6,11,47244640333,0
6,11,47244640334,0
6,11,47244640335,0
6,11,47244640336,0
6,11,47244640337,0
6,11,47244640338,0
6,11,47244640339,0
6,11,47244640340,0
6,11,47244640341,0
6,11,47244640342,0
6,11,47244640343,0
6,11,47244640344,0
6,11,47244640345,0
6,11,47244640346,0
6,11,47244640347,0
6,11,47244640348,0
6,11,47244640349,0
6,11,47244640350,0
6,11,47244640351,0
6,11,47244640352,0
6,11,47244640353,0
6,11,47244640354,0
6,11,47244640355,0
6,11,47244640356,0
6,11,47244640357,0
6,11,47244640358,0
6,11,47244640359,0
6,11,47244640360,0
6,11,47244640361,0
6,11,47244640362,0
6,11,47244640363,0
6,11,47244640364,0
6,11,47244640365,0
6,11,47244640366,0
6,11,47244640367,0
6,11,47244640368,0
6,11,47244640369,0
6,11,47244640370,0
6,11,47244640371,0
6,11,47244640372,0
6,11,47244640373,0
6,11,47244640374,0
6,11,47244640375,0
6,11,47244640376,0
6,11,47244640377,0
6,11,47244640378,0
6,11,47244640379,0
6,11,47244640380,0
6,11,47244640381,0
6,11,47244640382,0
6,11,47244640383,0
6,11,47244640384,0
6,11,47244640385,0
6,11,47244640386,0
6,11,47244640387,0
6,11,47244640388,0
6,11,47244640389,0
6,11,47244640390,0
6,11,47244640391,0
6,11,47244640392,0
6,11,47244640393,0
6,11,47244640394,0
6,11,47244640395,0
6,11,47244640396,0
6,11,47244640397,0
6,11,47244640398,38
6,11,47244640399,0
6,11,47244640400,0
6,11,47244640401,0
6,11,47244640402,0
6,11,47244640403,0
6,11,47244640404,0
6,11,47244640405,0
6,11,47244640406,0
6,11,47244640407,0
6,11,47244640408,0
6,11,47244640409,0
6,11,47244640410,0
6,11,47244640411,0
6,11,47244640412,0
6,11,47244640413,0
6,11,47244640414,0
6,11,47244640415,0
6,11,47244640416,0
6,11,47244640417,0
6,11,47244640418,1
6,11,47244640419,0
6,11,47244640420,0
6,11,47244640421,0
6,11,47244640422,0
6,11,47244640423,0
6,11,47244640424,0
6,11,47244640425,0
6,11,47244640426,0
6,11,47244640427,0
6,11,47244640428,0
6,11,47244640429,0
6,11,47244640430,0
6,11,47244640431,0
6,11,47244640432,0
6,11,47244640433,0
6,11,47244640434,0
6,11,47244640435,0
6,11,47244640436,0
6,11,47244640437,0
6,11,47244640438,0
6,11,47244640439,0
6,11,47244640440,0
6,11,47244640441,0
6,11,47244640442,0
6,11,47244640443,0
6,11,47244640444,2
6,11,47244640445,0
6,11,47244640446,0
6,11,47244640447,0
6,11,47244640448,0
6,11,47244640449,0
6,11,47244640450,0
6,11,47244640451,0
6,11,47244640452,0
6,11,47244640453,0
6,11,47244640454,0
6,11,47244640455,0
6,11,47244640456,0
6,11,47244640457,0
6,11,47244640458,0
6,11,47244640459,0
6,11,47244640460,0
6,11,47244640461,0
6,11,47244640462,0
6,11,47244640463,0
6,11,47244640464,0
6,11,47244640465,0
6,11,47244640466,0
6,11,47244640467,0
6,11,47244640468,0
6,11,47244640469,0
6,11,47244640470,0
6,11,47244640471,0
6,11,47244640472,0
6,11,47244640473,0
6,11,47244640474,0
7,11,47244640256,0
7,11,47244640257,0
7,11,47244640258,0
7,11,47244640259,0
7,11,47244640260,0
7,11,47244640261,0
7,11,47244640262,0
7,11,47244640263,0
7,11,47244640264,0
7,11,47244640265,0
7,11,47244640266,0
7,11,47244640267,0
7,11,47244640268,0
7,11,47244640269,0
7,11,47244640270,0
7,11,47244640271,0
7,11,47244640272,0
7,11,47244640273,0
7,11,47244640274,0
7,11,47244640275,0
7,11,47244640276,0
7,11,47244640277,0
7,11,47244640278,0
7,11,47244640279,0
7,11,47244640280,0
7,11,47244640281,0
7,11,47244640282,0
7,11,47244640283,0
7,11,47244640284,0
7,11,47244640285,0
7,11,47244640286,0
7,11,47244640287,0
7,11,47244640288,0
7,11,47244640289,0
7,11,47244640290,0
7,11,47244640291,0
7,11,47244640292,0
7,11,47244640293,0
7,11,47244640294,0
7,11,47244640295,0
7,11,47244640296,0
7,11,47244640297,0
7,11,47244640298,0
7,11,47244640299,0
7,11,47244640300,0
7,11,47244640301,0
7,11,47244640302,0
7,11,47244640303,0
7,11,47244640304,0
7,11,47244640305,0
7,11,47244640306,0
7,11,47244640307,0
7,11,47244640308,0
7,11,47244640309,0
7,11,47244640310,0
7,11,47244640311,0
7,11,47244640312,0
7,11,47244640313,0
7,11,47244640314,0
7,11,47244640315,0
7,11,47244640316,0
7,11,47244640317,0
7,11,47244640318,0
7,11,47244640319,0
7,11,47244640320,0
7,11,47244640321,0
7,11,47244640322,0
7,11,47244640323,0
7,11,47244640324,0
7,11,47244640325,0
7,11,47244640326,0
7,11,47244640327,0
7,11,47244640328,0
7,11,47244640329,0
7,11,47244640330,0
7,11,47244640331,0
7,11,47244640332,0
7,11,47244640333,0
7,11,47244640334,0
7,11,47244640335,0
7,11,47244640336,0
7,11,47244640337,0
7,11,47244640338,0
7,11,47244640339,0
7,11,47244640340,0
7,11,47244640341,0
7,11,47244640342,0
7,11,47244640343,0
7,11,47244640344,0
7,11,47244640345,0
7,11,47244640346,0
7,11,47244640347,0
7,11,47244640348,0
7,11,47244640349,0
7,11,47244640350,0
7,11,47244640351,0
7,11,47244640352,0
7,11,47244640353,0
7,11,47244640354,0
7,11,47244640355,0
7,11,47244640356,0
7,11,47244640357,0
7,11,47244640358,0
7,11,47244640359,0
7,11,47244640360,0
7,11,47244640361,0
7,11,47244640362,0
7,11,47244640363,0
7,11,47244640364,0
7,11,47244640365,0
7,11,47244640366,0
7,11,47244640367,0
7,11,47244640368,0
7,11,47244640369,0
7,11,47244640370,0
7,11,47244640371,0
7,11,47244640372,0
7,11,47244640373,0
7,11,47244640374,0
7,11,47244640375,0
7,11,47244640376,0
7,11,47244640377,0
7,11,47244640378,0
7,11,47244640379,0
7,11,47244640380,0
7,11,47244640381,0
7,11,47244640382,0
7,11,47244640383,0
7,11,47244640384,0
7,11,47244640385,0
7,11,47244640386,0
7,11,47244640387,0
7,11,47244640388,0
7,11,47244640389,0
7,11,47244640390,0
7,11,47244640391,0
7,11,47244640392,0
7,11,47244640393,0
7,11,47244640394,0
7,11,47244640395,0
7,11,47244640396,0
7,11,47244640397,0
7,11,47244640398,0
7,11,47244640399,0
7,11,47244640400,0
7,11,47244640401,0
7,11,47244640402,0
7,11,47244640403,0
7,11,47244640404,0
7,11,47244640405,0
7,11,47244640406,0
7,11,47244640407,0
7,11,47244640408,0
7,11,47244640409,0
7,11,47244640410,0
7,11,47244640411,0
7,11,47244640412,0
7,11,47244640413,0
7,11,47244640414,0
7,11,47244640415,0
7,11,47244640416,0
7,11,47244640417,0
7,11,47244640418,0
7,11,47244640419,0
7,11,47244640420,0
7,11,47244640421,0
7,11,47244640422,0
7,11,47244640423,0
7,11,47244640424,0
7,11,47244640425,0
7,11,47244640426,0
7,11,47244640427,0
7,11,47244640428,0
7,11,47244640429,0
7,11,47244640430,1
7,11,47244640431,0
7,11,47244640432,0
7,11,47244640433,0
7,11,47244640434,0
7,11,47244640435,0
7,11,47244640436,0
7,11,47244640437,0
7,11,47244640438,0
7,11,47244640439,0
7,11,47244640440,0
7,11,47244640441,0
7,11,47244640442,0
7,11,47244640443,0
7,11,47244640444,0
7,11,47244640445,0
7,11,47244640446,0
7,11,47244640447,0
7,11,47244640448,0
7,11,47244640449,0
7,11,47244640450,0
7,11,47244640451,0
7,11,47244640452,0
7,11,47244640453,0
7,11,47244640454,0
7,11,47244640455,0
7,11,47244640456,0
7,11,47244640457,0
7,11,47244640458,0
7,11,47244640459,0
7,11,47244640460,0
7,11,47244640461,0
7,11,47244640462,0
7,11,47244640463,0
7,11,47244640464,0
7,11,47244640465,0
7,11,47244640466,0
7,11,47244640467,0
7,11,47244640468,0
7,11,47244640469,0
7,11,47244640470,0
7,11,47244640471,0
7,11,47244640472,0
7,11,47244640473,0
7,11,47244640474,0
8,11,47244640256,0
8,11,47244640257,0
8,11,47244640258,0
8,11,47244640259,0
8,11,47244640260,0
8,11,47244640261,0
8,11,47244640262,0
8,11,47244640263,0
8,11,47244640264,0
8,11,47244640265,0
8,11,47244640266,0
8,11,47244640267,0
8,11,47244640268,0
8,11,47244640269,0
8,11,47244640270,0
8,11,47244640271,0
8,11,47244640272,0
8,11,47244640273,0
8,11,47244640274,0
8,11,47244640275,0
8,11,47244640276,0
8,11,47244640277,0
8,11,47244640278,0
8,11,47244640279,0
8,11,47244640280,0
8,11,47244640281,0
8,11,47244640282,0
8,11,47244640283,0
8,11,47244640284,0
8,11,47244640285,0
8,11,47244640286,0
8,11,47244640287,0
8,11,47244640288,0
8,11,47244640289,0
8,11,47244640290,0
8,11,47244640291,0
8,11,47244640292,0
8,11,47244640293,0
8,11,47244640294,0
8,11,47244640295,0
8,11,47244640296,0
8,11,47244640297,0
8,11,47244640298,0
8,11,47244640299,0
8,11,47244640300,0
8,11,47244640301,0
8,11,47244640302,0
8,11,47244640303,0
8,11,47244640304,0
8,11,47244640305,0
8,11,47244640306,0
8,11,47244640307,0
8,11,47244640308,0
8,11,47244640309,0
8,11,47244640310,0
8,11,47244640311,0
8,11,47244640312,0
8,11,47244640313,0
8,11,47244640314,0
8,11,47244640315,0
8,11,47244640316,0
8,11,47244640317,0
8,11,47244640318,0
8,11,47244640319,0
8,11,47244640320,0
8,11,47244640321,0
8,11,47244640322,0
8,11,47244640323,0
8,11,47244640324,0
8,11,47244640325,0
8,11,47244640326,0
8,11,47244640327,0
8,11,47244640328,0
8,11,47244640329,0
8,11,47244640330,0
8,11,47244640331,0
8,11,47244640332,0
8,11,47244640333,0
8,11,47244640334,0
8,11,47244640335,0
8,11,47244640336,0
8,11,47244640337,0
8,11,47244640338,0
8,11,47244640339,0
8,11,47244640340,0
8,11,47244640341,0
8,11,47244640342,0
8,11,47244640343,1
8,11,47244640344,0
8,11,47244640345,0
8,11,47244640346,0
8,11,47244640347,0
8,11,47244640348,0
8,11,47244640349,0
8,11,47244640350,0
8,11,47244640351,0
8,11,47244640352,0
8,11,47244640353,0
8,11,47244640354,0
8,11,47244640355,0
8,11,47244640356,0
8,11,47244640357,0
8,11,47244640358,0
8,11,47244640359,0
8,11,47244640360,0
8,11,47244640361,0
8,11,47244640362,0
8,11,47244640363,0
8,11,47244640364,0
8,11,47244640365,0
8,11,47244640366,0
8,11,47244640367,0
8,11,47244640368,0
8,11,47244640369,0
8,11,47244640370,0
8,11,47244640371,0
8,11,47244640372,0
8,11,47244640373,0
8,11,47244640374,0
8,11,47244640375,0
8,11,47244640376,0
8,11,47244640377,0
8,11,47244640378,0
8,11,47244640379,0
8,11,47244640380,0
8,11,47244640381,0
8,11,47244640382,0
8,11,47244640383,0
8,11,47244640384,0
8,11,47244640385,0
8,11,47244640386,0
8,11,47244640387,0
8,11,47244640388,0
8,11,47244640389,0
8,11,47244640390,0
8,11,47244640391,0
8,11,47244640392,0
8,11,47244640393,0
8,11,47244640394,0
8,11,47244640395,0
8,11,47244640396,0
8,11,47244640397,0
8,11,47244640398,0
8,11,47244640399,0
8,11,47244640400,0
8,11,47244640401,0
8,11,47244640402,0
8,11,47244640403,0
8,11,47244640404,0
8,11,47244640405,0
8,11,47244640406,0
8,11,47244640407,0
8,11,47244640408,0
8,11,47244640409,0
8,11,47244640410,0
8,11,47244640411,0
8,11,47244640412,0
8,11,47244640413,0
8,11,47244640414,0
8,11,47244640415,0
8,11,47244640416,0
8,11,47244640417,0
8,11,47244640418,0
8,11,47244640419,0
8,11,47244640420,0
8,11,47244640421,0
8,11,47244640422,0
8,11,47244640423,0
8,11,47244640424,0
8,11,47244640425,0
8,11,47244640426,0
8,11,47244640427,0
8,11,47244640428,0
8,11,47244640429,0
8,11,47244640430,0
8,11,47244640431,0
8,11,47244640432,0
8,11,47244640433,0
8,11,47244640434,0
8,11,47244640435,0
8,11,47244640436,0
8,11,47244640437,0
8,11,47244640438,0
8,11,47244640439,0
8,11,47244640440,0
8,11,47244640441,0
8,11,47244640442,0
8,11,47244640443,0
8,11,47244640444,0
8,11,47244640445,0
8,11,47244640446,0
8,11,47244640447,0
8,11,47244640448,0
8,11,47244640449,0
8,11,47244640450,0
8,11,47244640451,1
8,11,47244640452,0
8,11,47244640453,0
8,11,47244640454,0
8,11,47244640455,0
8,11,47244640456,0
8,11,47244640457,0
8,11,47244640458,0
8,11,47244640459,0
8,11,47244640460,0
8,11,47244640461,0
8,11,47244640462,0
8,11,47244640463,0
8,11,47244640464,0
8,11,47244640465,0
8,11,47244640466,0
8,11,47244640467,0
8,11,47244640468,0
8,11,47244640469,0
8,11,47244640470,0
8,11,47244640471,0
8,11,47244640472,0
8,11,47244640473,0
8,11,47244640474,0
9,11,47244640256,0
9,11,47244640257,0
9,11,47244640258,0
9,11,47244640259,0
9,11,47244640260,0
9,11,47244640261,0
9,11,47244640262,0
9,11,47244640263,0
9,11,47244640264,0
9,11,47244640265,0
9,11,47244640266,0
9,11,47244640267,0
9,11,47244640268,0
9,11,47244640269,0
9,11,47244640270,0
9,11,47244640271,0
9,11,47244640272,0
9,11,47244640273,0
9,11,47244640274,0
9,11,47244640275,0
9,11,47244640276,0
9,11,47244640277,0
9,11,47244640278,0
9,11,47244640279,0
9,11,47244640280,0
9,11,47244640281,0
9,11,47244640282,0
9,11,47244640283,0
9,11,47244640284,0
9,11,47244640285,0
9,11,47244640286,0
9,11,47244640287,0
9,11,47244640288,0
9,11,47244640289,0
9,11,47244640290,0
9,11,47244640291,0
9,11,47244640292,0
9,11,47244640293,0
9,11,47244640294,0
9,11,47244640295,0
9,11,47244640296,0
9,11,47244640297,0
9,11,47244640298,0
9,11,47244640299,0
9,11,47244640300,0
9,11,47244640301,0
9,11,47244640302,0
9,11,47244640303,0
9,11,47244640304,0
9,11,47244640305,0
9,11,47244640306,0
9,11,47244640307,0
9,11,47244640308,0
9,11,47244640309,0
9,11,47244640310,0
9,11,47244640311,0
9,11,47244640312,0
9,11,47244640313,0
9,11,47244640314,0
9,11,47244640315,0
9,11,47244640316,0
9,11,47244640317,0
9,11,47244640318,0
9,11,47244640319,0
9,11,47244640320,0
9,11,47244640321,0
9,11,47244640322,0
9,11,47244640323,0
9,11,47244640324,0
9,11,47244640325,0
9,11,47244640326,0
9,11,47244640327,0
9,11,47244640328,0
9,11,47244640329,0
9,11,47244640330,0
9,11,47244640331,0
9,11,47244640332,0
9,11,47244640333,0
9,11,47244640334,0
9,11,47244640335,0
9,11,47244640336,0
9,11,47244640337,0
9,11,47244640338,0
9,11,47244640339,0
9,11,47244640340,0
9,11,47244640341,0
9,11,47244640342,0
9,11,47244640343,0
9,11,47244640344,0
9,11,47244640345,0
9,11,47244640346,0
9,11,47244640347,0
9,11,47244640348,0
9,11,47244640349,0
9,11,47244640350,0
9,11,47244640351,0
9,11,47244640352,0
9,11,47244640353,0
9,11,47244640354,0
9,11,47244640355,0
9,11,47244640356,0
9,11,47244640357,0
9,11,47244640358,0
9,11,47244640359,0
9,11,47244640360,0
9,11,47244640361,0
9,11,47244640362,0
9,11,47244640363,0
9,11,47244640364,0
9,11,47244640365,0
9,11,47244640366,0
9,11,47244640367,0
9,11,47244640368,0
9,11,47244640369,0
9,11,47244640370,0
9,11,47244640371,0
9,11,47244640372,0
9,11,47244640373,0
9,11,47244640374,0
9,11,47244640375,0
9,11,47244640376,0
9,11,47244640377,0
9,11,47244640378,0
9,11,47244640379,0
9,11,47244640380,0
9,11,47244640381,0
9,11,47244640382,0
9,11,47244640383,0
9,11,47244640384,0
9,11,47244640385,0
9,11,47244640386,0
9,11,47244640387,0
9,11,47244640388,0
9,11,47244640389,0
9,11,47244640390,0
9,11,47244640391,0
9,11,47244640392,0
9,11,47244640393,0
9,11,47244640394,0
9,11,47244640395,0
9,11,47244640396,0
9,11,47244640397,0
9,11,47244640398,0
9,11,47244640399,0
9,11,47244640400,0
9,11,47244640401,0
9,11,47244640402,0
9,11,47244640403,0
9,11,47244640404,0
9,11,47244640405,0
9,11,47244640406,0
9,11,47244640407,0
9,11,47244640408,0
9,11,47244640409,0
9,11,47244640410,0
9,11,47244640411,0
9,11,47244640412,0
9,11,47244640413,0
9,11,47244640414,0
9,11,47244640415,0
9,11,47244640416,0
9,11,47244640417,0
9,11,47244640418,0
9,11,47244640419,0
9,11,47244640420,0
9,11,47244640421,0
9,11,47244640422,0
9,11,47244640423,0
9,11,47244640424,0
9,11,47244640425,0
9,11,47244640426,0
9,11,47244640427,0
9,11,47244640428,0
9,11,47244640429,0
9,11,47244640430,0
9,11,47244640431,0
9,11,47244640432,0
9,11,47244640433,0
9,11,47244640434,0
9,11,47244640435,0
9,11,47244640436,0
9,11,47244640437,0
9,11,47244640438,0
9,11,47244640439,0
9,11,47244640440,0
9,11,47244640441,0
9,11,47244640442,0
9,11,47244640443,0
9,11,47244640444,0
9,11,47244640445,0
9,11,47244640446,0
9,11,47244640447,0
9,11,47244640448,0
9,11,47244640449,0
9,11,47244640450,0
9,11,47244640451,0
9,11,47244640452,0
9,11,47244640453,0
9,11,47244640454,0
9,11,47244640455,0
9,11,47244640456,0
9,11,47244640457,0
9,11,47244640458,0
9,11,47244640459,0
9,11,47244640460,0
9,11,47244640461,0
9,11,47244640462,0
9,11,47244640463,0
9,11,47244640464,0
9,11,47244640465,0
9,11,47244640466,0
9,11,47244640467,0
9,11,47244640468,0
9,11,47244640469,0
9,11,47244640470,0
9,11,47244640471,0
9,11,47244640472,0
9,11,47244640473,0
9,11,47244640474,0
10,11,47244640256,0
10,11,47244640257,0
10,11,47244640258,0
10,11,47244640259,1
10,11,47244640260,0
10,11,47244640261,0
10,11,47244640262,0
10,11,47244640263,0
10,11,47244640264,0
10,11,47244640265,0
10,11,47244640266,0
10,11,47244640267,0
10,11,47244640268,0
10,11,47244640269,0
10,11,47244640270,0
10,11,47244640271,0
10,11,47244640272,0
10,11,47244640273,0
10,11,47244640274,0
10,11,47244640275,0
10,11,47244640276,0
10,11,47244640277,0
10,11,47244640278,0
10,11,47244640279,0
10,11,47244640280,0
10,11,47244640281,0
10,11,47244640282,0
10,11,47244640283,0
10,11,47244640284,0
10,11,47244640285,0
10,11,47244640286,0
10,11,47244640287,0
10,11,47244640288,0
10,11,47244640289,0
10,11,47244640290,0
10,11,47244640291,0
10,11,47244640292,0
10,11,47244640293,0
10,11,47244640294,0
10,11,47244640295,0
10,11,47244640296,0
10,11,47244640297,0
10,11,47244640298,0
10,11,47244640299,0
10,11,47244640300,0
10,11,47244640301,0
10,11,47244640302,0
10,11,47244640303,0
10,11,47244640304,0
10,11,47244640305,0
10,11,47244640306,0
10,11,47244640307,0
10,11,47244640308,0
10,11,47244640309,0
10,11,47244640310,0
10,11,47244640311,0
10,11,47244640312,0
10,11,47244640313,0
10,11,47244640314,0
10,11,47244640315,0
10,11,47244640316,0
10,11,47244640317,0
10,11,47244640318,1
10,11,47244640319,0
10,11,47244640320,0
10,11,47244640321,0
10,11,47244640322,0
10,11,47244640323,0
10,11,47244640324,0
10,11,47244640325,0
10,11,47244640326,0
10,11,47244640327,0
10,11,47244640328,0
10,11,47244640329,0
10,11,47244640330,0
10,11,47244640331,0
10,11,47244640332,0
10,11,47244640333,0
10,11,47244640334,0
10,11,47244640335,0
10,11,47244640336,0
10,11,47244640337,0
10,11,47244640338,0
10,11,47244640339,0
10,11,47244640340,0
10,11,47244640341,0
10,11,47244640342,0
10,11,47244640343,0
10,11,47244640344,0
10,11,47244640345,0
10,11,47244640346,0
10,11,47244640347,0
10,11,47244640348,0
10,11,47244640349,0
10,11,47244640350,0
10,11,47244640351,0
10,11,47244640352,0
10,11,47244640353,0
10,11,47244640354,0
10,11,47244640355,0
10,11,47244640356,0
10,11,47244640357,0
10,11,47244640358,0
10,11,47244640359,0
10,11,47244640360,0
10,11,47244640361,0
10,11,47244640362,0
10,11,47244640363,0
10,11,47244640364,0
10,11,47244640365,0
10,11,47244640366,0
10,11,47244640367,0
10,11,47244640368,0
10,11,47244640369,0
10,11,47244640370,0
10,11,47244640371,0
10,11,47244640372,0
10,11,47244640373,0
10,11,47244640374,0
10,11,47244640375,0
10,11,47244640376,0
10,11,47244640377,0
10,11,47244640378,0
10,11,47244640379,0
10,11,47244640380,0
10,11,47244640381,0
10,11,47244640382,0
10,11,47244640383,0
10,11,47244640384,0
10,11,47244640385,0
10,11,47244640386,0
10,11,47244640387,0
10,11,47244640388,0
10,11,47244640389,0
10,11,47244640390,0
10,11,47244640391,0
10,11,47244640392,0
10,11,47244640393,0
10,11,47244640394,0
10,11,47244640395,0
10,11,47244640396,0
10,11,47244640397,0
10,11,47244640398,0
10,11,47244640399,0
10,11,47244640400,0
10,11,47244640401,0
10,11,47244640402,0
10,11,47244640403,0
10,11,47244640404,0
10,11,47244640405,0
10,11,47244640406,0
10,11,47244640407,0
10,11,47244640408,0
10,11,47244640409,0
10,11,47244640410,0
10,11,47244640411,0
10,11,47244640412,0
10,11,47244640413,0
10,11,47244640414,0
10,11,47244640415,0
10,11,47244640416,0
10,11,47244640417,0
10,11,47244640418,0
10,11,47244640419,0
10,11,47244640420,0
10,11,47244640421,0
10,11,47244640422,0
10,11,47244640423,0
10,11,47244640424,0
10,11,47244640425,0
10,11,47244640426,0
10,11,47244640427,0
10,11,47244640428,0
10,11,47244640429,0
10,11,47244640430,0
10,11,47244640431,0
10,11,47244640432,0
10,11,47244640433,0
10,11,47244640434,0
10,11,47244640435,0
10,11,47244640436,0
10,11,47244640437,0
10,11,47244640438,0
10,11,47244640439,0
10,11,47244640440,0
10,11,47244640441,0
10,11,47244640442,0
10,11,47244640443,0
10,11,47244640444,0
10,11,47244640445,0
10,11,47244640446,0
10,11,47244640447,0
10,11,47244640448,0
10,11,47244640449,0
10,11,47244640450,0
10,11,47244640451,0
10,11,47244640452,0
10,11,47244640453,0
10,11,47244640454,0
10,11,47244640455,0
10,11,47244640456,0
10,11,47244640457,1
10,11,47244640458,0
10,11,47244640459,0
10,11,47244640460,0
10,11,47244640461,0
10,11,47244640462,0
10,11,47244640463,0
10,11,47244640464,0
10,11,47244640465,0
10,11,47244640466,0
10,11,47244640467,0
10,11,47244640468,0
10,11,47244640469,0
10,11,47244640470,0
10,11,47244640471,0
10,11,47244640472,0
10,11,47244640473,0
10,11,47244640474,0
11,11,47244640256,0
11,11,47244640257,0
11,11,47244640258,0
11,11,47244640259,0
11,11,47244640260,0
11,11,47244640261,0
11,11,47244640262,0
11,11,47244640263,0
11,11,47244640264,0
11,11,47244640265,0
11,11,47244640266,0
11,11,47244640267,0
11,11,47244640268,0
11,11,47244640269,0
11,11,47244640270,0
11,11,47244640271,0
11,11,47244640272,0
11,11,47244640273,0
11,11,47244640274,0
11,11,47244640275,0
11,11,47244640276,0
11,11,47244640277,0
11,11,47244640278,0
11,11,47244640279,0
11,11,47244640280,0
11,11,47244640281,0
11,11,47244640282,0
11,11,47244640283,0
11,11,47244640284,0
11,11,47244640285,0
11,11,47244640286,0
11,11,47244640287,0
11,11,47244640288,0
11,11,47244640289,0
11,11,47244640290,0
11,11,47244640291,0
11,11,47244640292,0
11,11,47244640293,0
11,11,47244640294,0
11,11,47244640295,0
11,11,47244640296,0
11,11,47244640297,0
11,11,47244640298,0
11,11,47244640299,0
11,11,47244640300,0
11,11,47244640301,0
11,11,47244640302,0
11,11,47244640303,0
11,11,47244640304,0
11,11,47244640305,0
11,11,47244640306,0
11,11,47244640307,0
11,11,47244640308,0
11,11,47244640309,0
11,11,47244640310,0
11,11,47244640311,0
11,11,47244640312,0
11,11,47244640313,0
11,11,47244640314,0
11,11,47244640315,0
11,11,47244640316,0
11,11,47244640317,0
11,11,47244640318,0
11,11,47244640319,0
11,11,47244640320,0
11,11,47244640321,0
11,11,47244640322,0
11,11,47244640323,0
11,11,47244640324,0
11,11,47244640325,0
11,11,47244640326,0
11,11,47244640327,0
11,11,47244640328,0
11,11,47244640329,0
11,11,47244640330,0
11,11,47244640331,0
11,11,47244640332,0
11,11,47244640333,0
11,11,47244640334,0
11,11,47244640335,0
11,11,47244640336,0
11,11,47244640337,0
11,11,47244640338,0
11,11,47244640339,0
11,11,47244640340,0
11,11,47244640341,0
11,11,47244640342,0
11,11,47244640343,0
11,11,47244640344,0
11,11,47244640345,0
11,11,47244640346,0
11,11,47244640347,0
11,11,47244640348,0
11,11,47244640349,0
11,11,47244640350,0
11,11,47244640351,0
11,11,47244640352,0
11,11,47244640353,0
11,11,47244640354,0
11,11,47244640355,0
11,11,47244640356,0
11,11,47244640357,0
11,11,47244640358,0
11,11,47244640359,0
11,11,47244640360,0
11,11,47244640361,0
11,11,47244640362,0
11,11,47244640363,0
11,11,47244640364,0
11,11,47244640365,0
11,11,47244640366,0
11,11,47244640367,0
11,11,47244640368,0
11,11,47244640369,0
11,11,47244640370,0
11,11,47244640371,0
11,11,47244640372,0
11,11,47244640373,0
11,11,47244640374,0
11,11,47244640375,0
11,11,47244640376,0
11,11,47244640377,0
11,11,47244640378,0
11,11,47244640379,0
11,11,47244640380,0
11,11,47244640381,0
11,11,47244640382,0
11,11,47244640383,0
11,11,47244640384,0
11,11,47244640385,0
11,11,47244640386,0
11,11,47244640387,0
11,11,47244640388,0
11,11,47244640389,0
11,11,47244640390,0
11,11,47244640391,0
11,11,47244640392,0
11,11,47244640393,0
11,11,47244640394,0
11,11,47244640395,0
11,11,47244640396,0
11,11,47244640397,0
11,11,47244640398,0
11,11,47244640399,0
11,11,47244640400,0
11,11,47244640401,0
11,11,47244640402,0
11,11,47244640403,0
11,11,47244640404,0
11,11,47244640405,0
11,11,47244640406,0
11,11,47244640407,0
11,11,47244640408,0
11,11,47244640409,0
11,11,47244640410,0
11,11,47244640411,0
11,11,47244640412,0
11,11,47244640413,0
11,11,47244640414,0
11,11,47244640415,0
11,11,47244640416,0
11,11,47244640417,0
11,11,47244640418,0
11,11,47244640419,0
11,11,47244640420,0
11,11,47244640421,0
11,11,47244640422,0
11,11,47244640423,0
11,11,47244640424,0
11,11,47244640425,0
11,11,47244640426,0
11,11,47244640427,0
11,11,47244640428,0
11,11,47244640429,0
11,11,47244640430,0
11,11,47244640431,0
11,11,47244640432,0
11,11,47244640433,0
11,11,47244640434,0
11,11,47244640435,0
11,11,47244640436,0
11,11,47244640437,0
11,11,47244640438,0
11,11,47244640439,0
11,11,47244640440,0
11,11,47244640441,0
11,11,47244640442,0
11,11,47244640443,0
11,11,47244640444,0
11,11,47244640445,0
11,11,47244640446,0
11,11,47244640447,0
11,11,47244640448,0
11,11,47244640449,0
11,11,47244640450,0
11,11,47244640451,0
11,11,47244640452,0
11,11,47244640453,0
11,11,47244640454,0
11,11,47244640455,0
11,11,47244640456,0
11,11,47244640457,0
11,11,47244640458,0
11,11,47244640459,0
11,11,47244640460,0
11,11,47244640461,0
11,11,47244640462,0
11,11,47244640463,0
11,11,47244640464,0
11,11,47244640465,0
11,11,47244640466,0
11,11,47244640467,0
11,11,47244640468,0
11,11,47244640469,0
11,11,47244640470,0
11,11,47244640471,0
11,11,47244640472,0
11,11,47244640473,0
11,11,47244640474,0
12,11,47244640256,43
12,11,47244640257,73
12,11,47244640258,1
12,11,47244640259,0
12,11,47244640260,0
12,11,47244640261,87
12,11,47244640262,28
12,11,47244640263,13
12,11,47244640264,0
12,11,47244640265,0
12,11,47244640266,1
12,11,47244640267,0
12,11,47244640268,1
12,11,47244640269,0
12,11,47244640270,25
12,11,47244640271,4
12,11,47244640272,11
12,11,47244640273,0
12,11,47244640274,0
12,11,47244640275,0
12,11,47244640276,0
12,11,47244640277,0
12,11,47244640278,0
12,11,47244640279,0
12,11,47244640280,0
12,11,47244640281,15
12,11,47244640282,0
12,11,47244640283,1
12,11,47244640284,0
12,11,47244640285,0
12,11,47244640286,0
12,11,47244640287,24
12,11,47244640288,1
12,11,47244640289,4
12,11,47244640290,3
12,11,47244640291,0
12,11,47244640292,0
12,11,47244640293,0
12,11,47244640294,1
12,11,47244640295,96
12,11,47244640296,1
12,11,47244640297,12
12,11,47244640298,6
12,11,47244640299,0
12,11,47244640300,0
12,11,47244640301,0
12,11,47244640302,0
12,11,47244640303,2
12,11,47244640304,1
12,11,47244640305,0
12,11,47244640306,0
12,11,47244640307,0
12,11,47244640308,11
12,11,47244640309,0
12,11,47244640310,0
12,11,47244640311,1
12,11,47244640312,1
12,11,47244640313,0
12,11,47244640314,14
12,11,47244640315,0
12,11,47244640316,1
12,11,47244640317,2
12,11,47244640318,1
12,11,47244640319,0
12,11,47244640320,0
12,11,47244640321,0
12,11,47244640322,0
12,11,47244640323,1
12,11,47244640324,3
12,11,47244640325,5
12,11,47244640326,0
12,11,47244640327,36
12,11,47244640328,0
12,11,47244640329,0
12,11,47244640330,0
12,11,47244640331,0
12,11,47244640332,1
12,11,47244640333,0
12,11,47244640334,0
12,11,47244640335,0
12,11,47244640336,0
12,11,47244640337,1
12,11,47244640338,0
12,11,47244640339,0
12,11,47244640340,0
12,11,47244640341,0
12,11,47244640342,0
12,11,47244640343,0
12,11,47244640344,0
12,11,47244640345,1
12,11,47244640346,1
12,11,47244640347,11
12,11,47244640348,0
12,11,47244640349,0
12,11,47244640350,3
12,11,47244640351,2
12,11,47244640352,0
12,11,47244640353,6
12,11,47244640354,0
12,11,47244640355,1
12,11,47244640356,0
12,11,47244640357,0
12,11,47244640358,0
12,11,47244640359,0
12,11,47244640360,0
12,11,47244640361,41
12,11,47244640362,0
12,11,47244640363,20
12,11,47244640364,0
12,11,47244640365,0
12,11,47244640366,3
12,11,47244640367,0
12,11,47244640368,0
12,11,47244640369,0
12,11,47244640370,247
12,11,47244640371,6
12,11,47244640372,0
12,11,47244640373,16
12,11,47244640374,0
12,11,47244640375,0
12,11,47244640376,0
12,11,47244640377,1
12,11,47244640378,0
12,11,47244640379,0
12,11,47244640380,0
12,11,47244640381,0
12,11,47244640382,0
12,11,47244640383,0
12,11,47244640384,0
12,11,47244640385,23
12,11,47244640386,0
12,11,47244640387,2
12,11,47244640388,31
12,11,47244640389,9
12,11,47244640390,5
12,11,47244640391,5
12,11,47244640392,0
12,11,47244640393,17
12,11,47244640394,0
12,11,47244640395,0
12,11,47244640396,0
12,11,47244640397,0
12,11,47244640398,12
12,11,47244640399,3
12,11,47244640400,2
12,11,47244640401,0
12,11,47244640402,0
12,11,47244640403,0
12,11,47244640404,0
12,11,47244640405,1
12,11,47244640406,0
12,11,47244640407,32
12,11,47244640408,0
12,11,47244640409,0
12,11,47244640410,0
12,11,47244640411,16
12,11,47244640412,0
12,11,47244640413,0
12,11,47244640414,1
12,11,47244640415,0
12,11,47244640416,0
12,11,47244640417,0
12,11,47244640418,10
12,11,47244640419,0
12,11,47244640420,1
12,11,47244640421,0
12,11,47244640422,23
12,11,47244640423,0
12,11,47244640424,0
12,11,47244640425,0
12,11,47244640426,0
12,11,47244640427,0
12,11,47244640428,127
12,11,47244640429,0
12,11,47244640430,0
12,11,47244640431,0
12,11,47244640432,1
12,11,47244640433,0
12,11,47244640434,154
12,11,47244640435,11
12,11,47244640436,0
12,11,47244640437,2
12,11,47244640438,0
12,11,47244640439,1
12,11,47244640440,0
12,11,47244640441,0
12,11,47244640442,0
12,11,47244640443,0
12,11,47244640444,15
12,11,47244640445,1
12,11,47244640446,0
12,11,47244640447,0
12,11,47244640448,15
12,11,47244640449,0
12,11,47244640450,0
12,11,47244640451,0
12,11,47244640452,0
12,11,47244640453,0
12,11,47244640454,1
12,11,47244640455,0
12,11,47244640456,0
12,11,47244640457,2
12,11,47244640458,0
12,11,47244640459,1
12,11,47244640460,27
12,11,47244640461,1
12,11,47244640462,0
12,11,47244640463,0
12,11,47244640464,0
12,11,47244640465,1
12,11,47244640466,0
12,11,47244640467,94
12,11,47244640468,31
12,11,47244640469,0
12,11,47244640470,19
12,11,47244640471,2
12,11,47244640472,0
12,11,47244640473,0
12,11,47244640474,0
13,11,47244640256,0
13,11,47244640257,1
13,11,47244640258,0
13,11,47244640259,0
13,11,47244640260,0
13,11,47244640261,2
13,11,47244640262,5
13,11,47244640263,0
13,11,47244640264,0
13,11,47244640265,0
13,11,47244640266,0
13,11,47244640267,0
13,11,47244640268,0
13,11,47244640269,0
13,11,47244640270,2
13,11,47244640271,0
13,11,47244640272,1
13,11,47244640273,0
13,11,47244640274,0
13,11,47244640275,0
13,11,47244640276,0
13,11,47244640277,1
13,11,47244640278,0
13,11,47244640279,0
13,11,47244640280,0
13,11,47244640281,1
13,11,47244640282,0
13,11,47244640283,0
13,11,47244640284,0
13,11,47244640285,0
13,11,47244640286,0
13,11,47244640287,1
13,11,47244640288,1
13,11,47244640289,0
13,11,47244640290,1
13,11,47244640291,0
13,11,47244640292,0
13,11,47244640293,0
13,11,47244640294,0
13,11,47244640295,2
13,11,47244640296,0
13,11,47244640297,2
13,11,47244640298,0
13,11,47244640299,0
13,11,47244640300,1
13,11,47244640301,0
13,11,47244640302,0
13,11,47244640303,0
13,11,47244640304,0
13,11,47244640305,0
13,11,47244640306,0
13,11,47244640307,0
13,11,47244640308,1
13,11,47244640309,0
13,11,47244640310,0
13,11,47244640311,0
13,11,47244640312,0
13,11,47244640313,0
13,11,47244640314,1
13,11,47244640315,0
13,11,47244640316,0
13,11,47244640317,1
13,11,47244640318,0
13,11,47244640319,0
13,11,47244640320,0
13,11,47244640321,0
13,11,47244640322,0
13,11,47244640323,0
13,11,47244640324,1
13,11,47244640325,1
13,11,47244640326,0
13,11,47244640327,0
13,11,47244640328,1
13,11,47244640329,0
13,11,47244640330,0
13,11,47244640331,0
13,11,47244640332,0
13,11,47244640333,0
13,11,47244640334,0
13,11,47244640335,0
13,11,47244640336,0
13,11,47244640337,0
13,11,47244640338,0
13,11,47244640339,1
13,11,47244640340,0
13,11,47244640341,0
13,11,47244640342,0
13,11,47244640343,0
13,11,47244640344,0
13,11,47244640345,0
13,11,47244640346,0
13,11,47244640347,1
13,11,47244640348,0
13,11,47244640349,0
13,11,47244640350,0
13,11,47244640351,0
13,11,47244640352,1
13,11,47244640353,0
13,11,47244640354,0
13,11,47244640355,0
13,11,47244640356,0
13,11,47244640357,1
13,11,47244640358,0
13,11,47244640359,0
13,11,47244640360,0
13,11,47244640361,0
13,11,47244640362,0
13,11,47244640363,1
13,11,47244640364,0
13,11,47244640365,0
13,11,47244640366,1
13,11,47244640367,0
13,11,47244640368,0
13,11,47244640369,0
13,11,47244640370,7
13,11,47244640371,0
13,11,47244640372,0
13,11,47244640373,1
13,11,47244640374,0
13,11,47244640375,0
13,11,47244640376,0
13,11,47244640377,0
13,11,47244640378,0
13,11,47244640379,0
13,11,47244640380,0
13,11,47244640381,0
13,11,47244640382,0
13,11,47244640383,1
13,11,47244640384,0
13,11,47244640385,1
13,11,47244640386,0
13,11,47244640387,0
13,11,47244640388,2
13,11,47244640389,0
13,11,47244640390,0
13,11,47244640391,1
13,11,47244640392,0
13,11,47244640393,1
13,11,47244640394,0
13,11,47244640395,0
13,11,47244640396,0
13,11,47244640397,0
13,11,47244640398,0
13,11,47244640399,1
13,11,47244640400,0
13,11,47244640401,0
13,11,47244640402,0
13,11,47244640403,1
13,11,47244640404,0
13,11,47244640405,0
13,11,47244640406,0
13,11,47244640407,1
13,11,47244640408,0
13,11,47244640409,0
13,11,47244640410,0
13,11,47244640411,1
13,11,47244640412,0
13,11,47244640413,0
13,11,47244640414,1
13,11,47244640415,0
13,11,47244640416,0
13,11,47244640417,0
13,11,47244640418,0
13,11,47244640419,1
13,11,47244640420,0
13,11,47244640421,0
13,11,47244640422,1
13,11,47244640423,0
13,11,47244640424,0
13,11,47244640425,0
13,11,47244640426,0
13,11,47244640427,0
13,11,47244640428,4
13,11,47244640429,0
13,11,47244640430,0
13,11,47244640431,0
13,11,47244640432,1
13,11,47244640433,0
13,11,47244640434,1
13,11,47244640435,1
13,11,47244640436,0
13,11,47244640437,0
13,11,47244640438,0
13,11,47244640439,0
13,11,47244640440,0
13,11,47244640441,0
13,11,47244640442,0
13,11,47244640443,0
13,11,47244640444,1
13,11,47244640445,0
13,11,47244640446,1
13,11,47244640447,0
13,11,47244640448,0
13,11,47244640449,0
13,11,47244640450,0
13,11,47244640451,0
13,11,47244640452,0
13,11,47244640453,0
13,11,47244640454,0
13,11,47244640455,0
13,11,47244640456,0
13,11,47244640457,0
13,11,47244640458,0
13,11,47244640459,0
13,11,47244640460,0
13,11,47244640461,1
13,11,47244640462,0
13,11,47244640463,0
13,11,47244640464,0
13,11,47244640465,0
13,11,47244640466,0
13,11,47244640467,2
13,11,47244640468,1
13,11,47244640469,0
13,11,47244640470,0
13,11,47244640471,1
13,11,47244640472,0
13,11,47244640473,0
13,11,47244640474,0
14,11,47244640256,825
14,11,47244640257,550
14,11,47244640258,524
14,11,47244640259,301
14,11,47244640260,588
14,11,47244640261,699
14,11,47244640262,1112
14,11,47244640263,359
14,11,47244640264,163
14,11,47244640265,314
14,11,47244640266,307
14,11,47244640267,210
14,11,47244640268,289
14,11,47244640269,117
14,11,47244640270,378
14,11,47244640271,108
14,11,47244640272,198
14,11,47244640273,316
14,11,47244640274,171
14,11,47244640275,257
14,11,47244640276,172
14,11,47244640277,95
14,11,47244640278,98
14,11,47244640279,94
14,11,47244640280,350
14,11,47244640281,217
14,11,47244640282,306
14,11,47244640283,90
14,11,47244640284,108
14,11,47244640285,92
14,11,47244640286,99
14,11,47244640287,317
14,11,47244640288,100
14,11,47244640289,276
14,11,47244640290,3397
14,11,47244640291,1730
14,11,47244640292,235
14,11,47244640293,119
14,11,47244640294,278
14,11,47244640295,333
14,11,47244640296,97
14,11,47244640297,297
14,11,47244640298,88
14,11,47244640299,237
14,11,47244640300,202
14,11,47244640301,190
14,11,47244640302,296
14,11,47244640303,379
14,11,47244640304,266
14,11,47244640305,149
14,11,47244640306,217
14,11,47244640307,95
14,11,47244640308,649
14,11,47244640309,174
14,11,47244640310,154
14,11,47244640311,81
14,11,47244640312,130
14,11,47244640313,96
14,11,47244640314,247
14,11,47244640315,376
14,11,47244640316,232
14,11,47244640317,1811
14,11,47244640318,136
14,11,47244640319,147
14,11,47244640320,124
14,11,47244640321,72
14,11,47244640322,95
14,11,47244640323,1706
14,11,47244640324,983
14,11,47244640325,123
14,11,47244640326,79
14,11,47244640327,130
14,11,47244640328,83
14,11,47244640329,75
14,11,47244640330,70
14,11,47244640331,79
14,11,47244640332,69
14,11,47244640333,68
14,11,47244640334,59
14,11,47244640335,61
14,11,47244640336,73
14,11,47244640337,77
14,11,47244640338,66
14,11,47244640339,69
14,11,47244640340,74
14,11,47244640341,72
14,11,47244640342,54
14,11,47244640343,77
14,11,47244640344,54
14,11,47244640345,240
14,11,47244640346,592
14,11,47244640347,410
14,11,47244640348,290
14,11,47244640349,335
14,11,47244640350,373
14,11,47244640351,100
14,11,47244640352,92
14,11,47244640353,167
14,11,47244640354,536
14,11,47244640355,933
14,11,47244640356,100
14,11,47244640357,92
14,11,47244640358,116
14,11,47244640359,167
14,11,47244640360,225
14,11,47244640361,152
14,11,47244640362,190
14,11,47244640363,217
14,11,47244640364,66
14,11,47244640365,67
14,11,47244640366,67
14,11,47244640367,67
14,11,47244640368,55
14,11,47244640369,34
14,11,47244640370,84
14,11,47244640371,33
14,11,47244640372,26
14,11,47244640373,42
14,11,47244640374,25
14,11,47244640375,25
14,11,47244640376,26
14,11,47244640377,25
14,11,47244640378,25
14,11,47244640379,25
14,11,47244640380,34
14,11,47244640381,34
14,11,47244640382,34
14,11,47244640383,33
14,11,47244640384,34
14,11,47244640385,42
14,11,47244640386,34
14,11,47244640387,33
14,11,47244640388,42
14,11,47244640389,34
14,11,47244640390,34
14,11,47244640391,33
14,11,47244640392,35
14,11,47244640393,42
14,11,47244640394,33
14,11,47244640395,34
14,11,47244640396,34
14,11,47244640397,33
14,11,47244640398,34
14,11,47244640399,34
14,11,47244640400,42
14,11,47244640401,59
14,11,47244640402,33
14,11,47244640403,26
14,11,47244640404,25
14,11,47244640405,25
14,11,47244640406,26
14,11,47244640407,41
14,11,47244640408,26
14,11,47244640409,34
14,11,47244640410,166
14,11,47244640411,197
14,11,47244640412,29
14,11,47244640413,34
14,11,47244640414,33
14,11,47244640415,34
14,11,47244640416,34
14,11,47244640417,33
14,11,47244640418,35
14,11,47244640419,34
14,11,47244640420,33
14,11,47244640421,34
14,11,47244640422,33
14,11,47244640423,34
14,11,47244640424,34
14,11,47244640425,33
14,11,47244640426,33
14,11,47244640427,34
14,11,47244640428,67
14,11,47244640429,46
14,11,47244640430,55
14,11,47244640431,25
14,11,47244640432,25
14,11,47244640433,26
14,11,47244640434,33
14,11,47244640435,42
14,11,47244640436,34
14,11,47244640437,43
14,11,47244640438,41
14,11,47244640439,34
14,11,47244640440,33
14,11,47244640441,34
14,11,47244640442,35
14,11,47244640443,33
14,11,47244640444,34
14,11,47244640445,33
14,11,47244640446,34
14,11,47244640447,34
14,11,47244640448,42
14,11,47244640449,33
14,11,47244640450,34
14,11,47244640451,34
14,11,47244640452,33
14,11,47244640453,34
14,11,47244640454,34
14,11,47244640455,33
14,11,47244640456,34
14,11,47244640457,34
14,11,47244640458,25
14,11,47244640459,25
14,11,47244640460,34
14,11,47244640461,42
14,11,47244640462,34
14,11,47244640463,25
14,11,47244640464,34
14,11,47244640465,25
14,11,47244640466,25
14,11,47244640467,42
14,11,47244640468,35
14,11,47244640469,33
14,11,47244640470,34
14,11,47244640471,34
14,11,47244640472,25
14,11,47244640473,34
14,11,47244640474,33
15,11,47244640256,0
15,11,47244640257,0
15,11,47244640258,0
15,11,47244640259,0
15,11,47244640260,0
15,11,47244640261,0
15,11,47244640262,0
15,11,47244640263,0
15,11,47244640264,0
15,11,47244640265,0
15,11,47244640266,0
15,11,47244640267,0
15,11,47244640268,0
15,11,47244640269,0
15,11,47244640270,0
15,11,47244640271,0
15,11,47244640272,0
15,11,47244640273,0
15,11,47244640274,0
15,11,47244640275,0
15,11,47244640276,0
15,11,47244640277,0
15,11,47244640278,0
15,11,47244640279,0
15,11,47244640280,0
15,11,47244640281,0
15,11,47244640282,0
15,11,47244640283,0
15,11,47244640284,0
15,11,47244640285,0
15,11,47244640286,0
15,11,47244640287,0
15,11,47244640288,0
15,11,47244640289,0
15,11,47244640290,0
15,11,47244640291,0
15,11,47244640292,0
15,11,47244640293,0
15,11,47244640294,0
15,11,47244640295,0
15,11,47244640296,0
15,11,47244640297,0
15,11,47244640298,0
15,11,47244640299,0
15,11,47244640300,0
15,11,47244640301,0
15,11,47244640302,0
15,11,47244640303,0
15,11,47244640304,0
15,11,47244640305,0
15,11,47244640306,0
15,11,47244640307,0
15,11,47244640308,0
15,11,47244640309,0
15,11,47244640310,0
15,11,47244640311,0
15,11,47244640312,0
15,11,47244640313,0
15,11,47244640314,0
15,11,47244640315,0
15,11,47244640316,0
15,11,47244640317,0
15,11,47244640318,0
15,11,47244640319,0
15,11,47244640320,0
15,11,47244640321,0
15,11,47244640322,0
15,11,47244640323,0
15,11,47244640324,0
15,11,47244640325,0
15,11,47244640326,0
15,11,47244640327,0
15,11,47244640328,0
15,11,47244640329,0
15,11,47244640330,0
15,11,47244640331,0
15,11,47244640332,0
15,11,47244640333,0
15,11,47244640334,0
15,11,47244640335,0
15,11,47244640336,0
15,11,47244640337,0
15,11,47244640338,0
15,11,47244640339,0
15,11,47244640340,0
15,11,47244640341,0
15,11,47244640342,0
15,11,47244640343,0
15,11,47244640344,0
15,11,47244640345,0
15,11,47244640346,0
15,11,47244640347,0
15,11,47244640348,0
15,11,47244640349,0
15,11,47244640350,0
15,11,47244640351,0
15,11,47244640352,0
15,11,47244640353,0
15,11,47244640354,0
15,11,47244640355,0
15,11,47244640356,0
15,11,47244640357,0
15,11,47244640358,0
15,11,47244640359,0
15,11,47244640360,0
15,11,47244640361,0
15,11,47244640362,0
15,11,47244640363,0
15,11,47244640364,0
15,11,47244640365,0
15,11,47244640366,0
15,11,47244640367,0
15,11,47244640368,0
15,11,47244640369,0
15,11,47244640370,0
15,11,47244640371,0
15,11,47244640372,0
15,11,47244640373,0
15,11,47244640374,0
15,11,47244640375,0
15,11,47244640376,0
15,11,47244640377,0
15,11,47244640378,0
15,11,47244640379,0
15,11,47244640380,0
15,11,47244640381,0
15,11,47244640382,0
15,11,47244640383,0
15,11,47244640384,0
15,11,47244640385,0
15,11,47244640386,0
15,11,47244640387,0
15,11,47244640388,0
15,11,47244640389,0
15,11,47244640390,0
15,11,47244640391,0
15,11,47244640392,0
15,11,47244640393,0
15,11,47244640394,0
15,11,47244640395,0
15,11,47244640396,0
15,11,47244640397,0
15,11,47244640398,0
15,11,47244640399,0
15,11,47244640400,0
15,11,47244640401,0
15,11,47244640402,0
15,11,47244640403,0
15,11,47244640404,0
15,11,47244640405,0
15,11,47244640406,0
15,11,47244640407,0
15,11,47244640408,0
15,11,47244640409,0
15,11,47244640410,0
15,11,47244640411,0
15,11,47244640412,0
15,11,47244640413,0
15,11,47244640414,0
15,11,47244640415,0
15,11,47244640416,0
15,11,47244640417,0
15,11,47244640418,0
15,11,47244640419,0
15,11,47244640420,0
15,11,47244640421,0
15,11,47244640422,0
15,11,47244640423,0
15,11,47244640424,0
15,11,47244640425,0
15,11,47244640426,0
15,11,47244640427,0
15,11,47244640428,0
15,11,47244640429,0
15,11,47244640430,0
15,11,47244640431,0
15,11,47244640432,0
15,11,47244640433,0
15,11,47244640434,0
15,11,47244640435,0
15,11,47244640436,0
15,11,47244640437,0
15,11,47244640438,0
15,11,47244640439,0
15,11,47244640440,0
15,11,47244640441,0
15,11,47244640442,0
15,11,47244640443,0
15,11,47244640444,0
15,11,47244640445,0
15,11,47244640446,0
15,11,47244640447,0
15,11,47244640448,0
15,11,47244640449,0
15,11,47244640450,0
15,11,47244640451,0
15,11,47244640452,0
15,11,47244640453,0
15,11,47244640454,0
15,11,47244640455,0
15,11,47244640456,0
15,11,47244640457,0
15,11,47244640458,0
15,11,47244640459,0
15,11,47244640460,0
15,11,47244640461,0
15,11,47244640462,0
15,11,47244640463,0
15,11,47244640464,0
15,11,47244640465,0
15,11,47244640466,0
15,11,47244640467,0
15,11,47244640468,0
15,11,47244640469,0
15,11,47244640470,0
15,11,47244640471,0
15,11,47244640472,0
15,11,47244640473,0
15,11,47244640474,0
