0,9,38654705664,21
0,9,38654705665,1
0,9,38654705666,3
0,9,38654705667,0
0,9,38654705668,3
0,9,38654705669,18
0,9,38654705670,0
0,9,38654705671,1
0,9,38654705672,1
0,9,38654705673,1
0,9,38654705674,1
0,9,38654705675,1
0,9,38654705676,209
0,9,38654705677,1
0,9,38654705678,0
0,9,38654705679,1
1,9,38654705664,2900
1,9,38654705665,3641
1,9,38654705666,3206
1,9,38654705667,3163
1,9,38654705668,3166
1,9,38654705669,3206
1,9,38654705670,3265
1,9,38654705671,2404
1,9,38654705672,3796
1,9,38654705673,2277
1,9,38654705674,4195
1,9,38654705675,4763
1,9,38654705676,2403
1,9,38654705677,2394
1,9,38654705678,2477
1,9,38654705679,1658
2,9,38654705664,0
2,9,38654705665,0
2,9,38654705666,0
2,9,38654705667,0
2,9,38654705668,0
2,9,38654705669,0
2,9,38654705670,0
2,9,38654705671,0
2,9,38654705672,0
2,9,38654705673,0
2,9,38654705674,0
2,9,38654705675,0
2,9,38654705676,1
2,9,38654705677,0
2,9,38654705678,0
2,9,38654705679,0
3,9,38654705664,0
3,9,38654705665,0
3,9,38654705666,0
3,9,38654705667,0
3,9,38654705668,1
3,9,38654705669,0
3,9,38654705670,0
3,9,38654705671,18
3,9,38654705672,9
3,9,38654705673,0
3,9,38654705674,0
3,9,38654705675,0
3,9,38654705676,2116358
3,9,38654705677,0
3,9,38654705678,0
3,9,38654705679,1
4,9,38654705664,20
4,9,38654705665,1
4,9,38654705666,1
4,9,38654705667,0
4,9,38654705668,0
4,9,38654705669,252
4,9,38654705670,0
4,9,38654705671,1
4,9,38654705672,0
4,9,38654705673,0
4,9,38654705674,1
4,9,38654705675,0
4,9,38654705676,901216
4,9,38654705677,1
4,9,38654705678,1
4,9,38654705679,0
5,9,38654705664,20
5,9,38654705665,0
5,9,38654705666,0
5,9,38654705667,0
5,9,38654705668,0
5,9,38654705669,0
5,9,38654705670,1
5,9,38654705671,0
5,9,38654705672,0
5,9,38654705673,0
5,9,38654705674,0
5,9,38654705675,0
5,9,38654705676,43
5,9,38654705677,0
5,9,38654705678,0
5,9,38654705679,0
6,9,38654705664,0
6,9,38654705665,0
6,9,38654705666,0
6,9,38654705667,0
6,9,38654705668,0
6,9,38654705669,0
6,9,38654705670,0
6,9,38654705671,0
6,9,38654705672,0
6,9,38654705673,0
6,9,38654705674,0
6,9,38654705675,0
6,9,38654705676,22
6,9,38654705677,0
6,9,38654705678,0
6,9,38654705679,1
7,9,38654705664,0
7,9,38654705665,0
7,9,38654705666,0
7,9,38654705667,0
7,9,38654705668,0
7,9,38654705669,0
7,9,38654705670,0
7,9,38654705671,0
7,9,38654705672,0
7,9,38654705673,0
7,9,38654705674,1
7,9,38654705675,0
7,9,38654705676,0
7,9,38654705677,0
7,9,38654705678,0
7,9,38654705679,0
8,9,38654705664,0
8,9,38654705665,0
8,9,38654705666,0
8,9,38654705667,0
8,9,38654705668,0
8,9,38654705669,0
8,9,38654705670,0
8,9,38654705671,0
8,9,38654705672,0
8,9,38654705673,0
8,9,38654705674,0
8,9,38654705675,0
8,9,38654705676,0
8,9,38654705677,0
8,9,38654705678,0
8,9,38654705679,0
9,9,38654705664,0
9,9,38654705665,0
9,9,38654705666,0
9,9,38654705667,0
9,9,38654705668,0
9,9,38654705669,0
9,9,38654705670,0
9,9,38654705671,0
9,9,38654705672,0
9,9,38654705673,0
9,9,38654705674,0
9,9,38654705675,0
9,9,38654705676,0
9,9,38654705677,0
9,9,38654705678,0
9,9,38654705679,0
10,9,38654705664,0
10,9,38654705665,0
10,9,38654705666,0
10,9,38654705667,0
10,9,38654705668,0
10,9,38654705669,0
10,9,38654705670,0
10,9,38654705671,0
10,9,38654705672,0
10,9,38654705673,0
10,9,38654705674,0
10,9,38654705675,0
10,9,38654705676,0
10,9,38654705677,0
10,9,38654705678,0
10,9,38654705679,0
11,9,38654705664,0
11,9,38654705665,0
11,9,38654705666,0
11,9,38654705667,0
11,9,38654705668,0
11,9,38654705669,0
11,9,38654705670,0
11,9,38654705671,0
11,9,38654705672,0
11,9,38654705673,0
11,9,38654705674,0
11,9,38654705675,0
11,9,38654705676,0
11,9,38654705677,0
11,9,38654705678,0
11,9,38654705679,0
12,9,38654705664,12
12,9,38654705665,2
12,9,38654705666,1
12,9,38654705667,0
12,9,38654705668,6
12,9,38654705669,60
12,9,38654705670,0
12,9,38654705671,6
12,9,38654705672,2
12,9,38654705673,0
12,9,38654705674,1
12,9,38654705675,0
12,9,38654705676,3517
12,9,38654705677,0
12,9,38654705678,1
12,9,38654705679,0
13,9,38654705664,1
13,9,38654705665,0
13,9,38654705666,0
13,9,38654705667,1
13,9,38654705668,0
13,9,38654705669,2
13,9,38654705670,0
13,9,38654705671,1
13,9,38654705672,0
13,9,38654705673,0
13,9,38654705674,1
13,9,38654705675,0
13,9,38654705676,133
13,9,38654705677,1
13,9,38654705678,0
13,9,38654705679,1
14,9,38654705664,968
14,9,38654705665,467
14,9,38654705666,434
14,9,38654705667,302
14,9,38654705668,805
14,9,38654705669,844
14,9,38654705670,243
14,9,38654705671,241
14,9,38654705672,222
14,9,38654705673,207
14,9,38654705674,153
14,9,38654705675,161
14,9,38654705676,6223
14,9,38654705677,200
14,9,38654705678,93
14,9,38654705679,95
15,9,38654705664,0
15,9,38654705665,0
15,9,38654705666,0
15,9,38654705667,0
15,9,38654705668,0
15,9,38654705669,0
15,9,38654705670,0
15,9,38654705671,0
15,9,38654705672,0
15,9,38654705673,0
15,9,38654705674,0
15,9,38654705675,0
15,9,38654705676,0
15,9,38654705677,0
15,9,38654705678,0
15,9,38654705679,0
