0,36,154618822656,3
0,36,154618822657,1
0,36,154618822658,1
0,36,154618822659,2
0,36,154618822660,2
0,36,154618822661,2
0,36,154618822662,15
0,36,154618822663,6
0,36,154618822664,48
0,36,154618822665,13
0,36,154618822666,1
0,36,154618822667,1
0,36,154618822668,1
0,36,154618822669,5
0,36,154618822670,1
0,36,154618822671,0
0,36,154618822672,1
0,36,154618822673,1
0,36,154618822674,0
0,36,154618822675,1
0,36,154618822676,1
0,36,154618822677,0
0,36,154618822678,1
0,36,154618822679,0
0,36,154618822680,1
0,36,154618822681,1
0,36,154618822682,1
0,36,154618822683,1
0,36,154618822684,0
0,36,154618822685,1
0,36,154618822686,1
0,36,154618822687,0
0,36,154618822688,0
0,36,154618822689,1
0,36,154618822690,342
0,36,154618822691,1
1,36,154618822656,4325
1,36,154618822657,3491
1,36,154618822658,2294
1,36,154618822659,2804
1,36,154618822660,2789
1,36,154618822661,3140
1,36,154618822662,2680
1,36,154618822663,2328
1,36,154618822664,4441
1,36,154618822665,2009
1,36,154618822666,4045
1,36,154618822667,2044
1,36,154618822668,4294
1,36,154618822669,2570
1,36,154618822670,2210
1,36,154618822671,2470
1,36,154618822672,1775
1,36,154618822673,2354
1,36,154618822674,1825
1,36,154618822675,1960
1,36,154618822676,4847
1,36,154618822677,2160
1,36,154618822678,2462
1,36,154618822679,2415
1,36,154618822680,1974
1,36,154618822681,2309
1,36,154618822682,1657
1,36,154618822683,2147
1,36,154618822684,1439
1,36,154618822685,1121
1,36,154618822686,1180
1,36,154618822687,946
1,36,154618822688,128
1,36,154618822689,27
1,36,154618822690,25
1,36,154618822691,24
2,36,154618822656,0
2,36,154618822657,0
2,36,154618822658,1
2,36,154618822659,0
2,36,154618822660,0
2,36,154618822661,0
2,36,154618822662,0
2,36,154618822663,0
2,36,154618822664,0
2,36,154618822665,0
2,36,154618822666,0
2,36,154618822667,0
2,36,154618822668,1
2,36,154618822669,0
2,36,154618822670,0
2,36,154618822671,0
2,36,154618822672,0
2,36,154618822673,0
2,36,154618822674,0
2,36,154618822675,0
2,36,154618822676,0
2,36,154618822677,0
2,36,154618822678,0
2,36,154618822679,0
2,36,154618822680,0
2,36,154618822681,0
2,36,154618822682,0
2,36,154618822683,0
2,36,154618822684,0
2,36,154618822685,0
2,36,154618822686,0
2,36,154618822687,0
2,36,154618822688,0
2,36,154618822689,0
2,36,154618822690,0
2,36,154618822691,0
3,36,154618822656,1
3,36,154618822657,0
3,36,154618822658,0
3,36,154618822659,0
3,36,154618822660,0
3,36,154618822661,0
3,36,154618822662,42
3,36,154618822663,0
3,36,154618822664,0
3,36,154618822665,1
3,36,154618822666,0
3,36,154618822667,0
3,36,154618822668,0
3,36,154618822669,0
3,36,154618822670,0
3,36,154618822671,0
3,36,154618822672,0
3,36,154618822673,0
3,36,154618822674,0
3,36,154618822675,0
3,36,154618822676,0
3,36,154618822677,0
3,36,154618822678,1
3,36,154618822679,0
3,36,154618822680,0
3,36,154618822681,0
3,36,154618822682,0
3,36,154618822683,0
3,36,154618822684,0
3,36,154618822685,0
3,36,154618822686,0
3,36,154618822687,0
3,36,154618822688,0
3,36,154618822689,0
3,36,154618822690,1623709
3,36,154618822691,0
4,36,154618822656,1
4,36,154618822657,0
4,36,154618822658,1
4,36,154618822659,1
4,36,154618822660,1
4,36,154618822661,1
4,36,154618822662,0
4,36,154618822663,4
4,36,154618822664,160
4,36,154618822665,85
4,36,154618822666,1
4,36,154618822667,0
4,36,154618822668,0
4,36,154618822669,39
4,36,154618822670,0
4,36,154618822671,1
4,36,154618822672,0
4,36,154618822673,0
4,36,154618822674,0
4,36,154618822675,1
4,36,154618822676,0
4,36,154618822677,0
4,36,154618822678,0
4,36,154618822679,0
4,36,154618822680,1
4,36,154618822681,0
4,36,154618822682,2
4,36,154618822683,0
4,36,154618822684,0
4,36,154618822685,1
4,36,154618822686,0
4,36,154618822687,1
4,36,154618822688,0
4,36,154618822689,1
4,36,154618822690,187915
4,36,154618822691,0
5,36,154618822656,0
5,36,154618822657,0
5,36,154618822658,0
5,36,154618822659,0
5,36,154618822660,0
5,36,154618822661,0
5,36,154618822662,0
5,36,154618822663,0
5,36,154618822664,183
5,36,154618822665,104
5,36,154618822666,0
5,36,154618822667,0
5,36,154618822668,0
5,36,154618822669,0
5,36,154618822670,0
5,36,154618822671,0
5,36,154618822672,0
5,36,154618822673,0
5,36,154618822674,0
5,36,154618822675,0
5,36,154618822676,0
5,36,154618822677,0
5,36,154618822678,0
5,36,154618822679,0
5,36,154618822680,0
5,36,154618822681,1
5,36,154618822682,1
5,36,154618822683,0
5,36,154618822684,0
5,36,154618822685,0
5,36,154618822686,0
5,36,154618822687,0
5,36,154618822688,0
5,36,154618822689,0
5,36,154618822690,2214
5,36,154618822691,0
6,36,154618822656,0
6,36,154618822657,0
6,36,154618822658,0
6,36,154618822659,0
6,36,154618822660,0
6,36,154618822661,0
6,36,154618822662,0
6,36,154618822663,3
6,36,154618822664,0
6,36,154618822665,0
6,36,154618822666,0
6,36,154618822667,0
6,36,154618822668,0
6,36,154618822669,0
6,36,154618822670,0
6,36,154618822671,0
6,36,154618822672,0
6,36,154618822673,0
6,36,154618822674,0
6,36,154618822675,0
6,36,154618822676,0
6,36,154618822677,0
6,36,154618822678,0
6,36,154618822679,0
6,36,154618822680,0
6,36,154618822681,0
6,36,154618822682,0
6,36,154618822683,0
6,36,154618822684,0
6,36,154618822685,0
6,36,154618822686,0
6,36,154618822687,0
6,36,154618822688,0
6,36,154618822689,0
6,36,154618822690,25
6,36,154618822691,0
7,36,154618822656,0
7,36,154618822657,0
7,36,154618822658,0
7,36,154618822659,0
7,36,154618822660,0
7,36,154618822661,0
7,36,154618822662,0
7,36,154618822663,0
7,36,154618822664,0
7,36,154618822665,0
7,36,154618822666,0
7,36,154618822667,0
7,36,154618822668,0
7,36,154618822669,0
7,36,154618822670,0
7,36,154618822671,0
7,36,154618822672,0
7,36,154618822673,0
7,36,154618822674,0
7,36,154618822675,0
7,36,154618822676,0
7,36,154618822677,0
7,36,154618822678,0
7,36,154618822679,0
7,36,154618822680,0
7,36,154618822681,1
7,36,154618822682,0
7,36,154618822683,0
7,36,154618822684,0
7,36,154618822685,0
7,36,154618822686,0
7,36,154618822687,0
7,36,154618822688,0
7,36,154618822689,0
7,36,154618822690,3
7,36,154618822691,0
8,36,154618822656,1
8,36,154618822657,0
8,36,154618822658,0
8,36,154618822659,0
8,36,154618822660,0
8,36,154618822661,0
8,36,154618822662,0
8,36,154618822663,0
8,36,154618822664,0
8,36,154618822665,0
8,36,154618822666,0
8,36,154618822667,0
8,36,154618822668,0
8,36,154618822669,0
8,36,154618822670,0
8,36,154618822671,0
8,36,154618822672,0
8,36,154618822673,0
8,36,154618822674,0
8,36,154618822675,0
8,36,154618822676,0
8,36,154618822677,0
8,36,154618822678,0
8,36,154618822679,0
8,36,154618822680,0
8,36,154618822681,0
8,36,154618822682,0
8,36,154618822683,0
8,36,154618822684,0
8,36,154618822685,1
8,36,154618822686,0
8,36,154618822687,0
8,36,154618822688,0
8,36,154618822689,0
8,36,154618822690,0
8,36,154618822691,0
9,36,154618822656,0
9,36,154618822657,0
9,36,154618822658,0
9,36,154618822659,0
9,36,154618822660,0
9,36,154618822661,0
9,36,154618822662,0
9,36,154618822663,0
9,36,154618822664,0
9,36,154618822665,0
9,36,154618822666,0
9,36,154618822667,0
9,36,154618822668,0
9,36,154618822669,0
9,36,154618822670,0
9,36,154618822671,0
9,36,154618822672,0
9,36,154618822673,0
9,36,154618822674,0
9,36,154618822675,0
9,36,154618822676,0
9,36,154618822677,0
9,36,154618822678,0
9,36,154618822679,0
9,36,154618822680,0
9,36,154618822681,0
9,36,154618822682,0
9,36,154618822683,0
9,36,154618822684,0
9,36,154618822685,0
9,36,154618822686,0
9,36,154618822687,0
9,36,154618822688,0
9,36,154618822689,0
9,36,154618822690,0
9,36,154618822691,0
10,36,154618822656,0
10,36,154618822657,0
10,36,154618822658,0
10,36,154618822659,0
10,36,154618822660,0
10,36,154618822661,0
10,36,154618822662,0
10,36,154618822663,0
10,36,154618822664,0
10,36,154618822665,0
10,36,154618822666,0
10,36,154618822667,0
10,36,154618822668,0
10,36,154618822669,0
10,36,154618822670,1
10,36,154618822671,0
10,36,154618822672,0
10,36,154618822673,0
10,36,154618822674,0
10,36,154618822675,0
10,36,154618822676,0
10,36,154618822677,0
10,36,154618822678,0
10,36,154618822679,0
10,36,154618822680,0
10,36,154618822681,0
10,36,154618822682,0
10,36,154618822683,0
10,36,154618822684,0
10,36,154618822685,0
10,36,154618822686,0
10,36,154618822687,0
10,36,154618822688,0
10,36,154618822689,0
10,36,154618822690,0
10,36,154618822691,0
11,36,154618822656,0
11,36,154618822657,0
11,36,154618822658,0
11,36,154618822659,0
11,36,154618822660,0
11,36,154618822661,0
11,36,154618822662,0
11,36,154618822663,0
11,36,154618822664,0
11,36,154618822665,0
11,36,154618822666,0
11,36,154618822667,0
11,36,154618822668,0
11,36,154618822669,0
11,36,154618822670,0
11,36,154618822671,0
11,36,154618822672,0
11,36,154618822673,0
11,36,154618822674,0
11,36,154618822675,0
11,36,154618822676,0
11,36,154618822677,0
11,36,154618822678,0
11,36,154618822679,0
11,36,154618822680,0
11,36,154618822681,0
11,36,154618822682,0
11,36,154618822683,0
11,36,154618822684,0
11,36,154618822685,0
11,36,154618822686,0
11,36,154618822687,0
11,36,154618822688,0
11,36,154618822689,0
11,36,154618822690,0
11,36,154618822691,0
12,36,154618822656,0
12,36,154618822657,1
12,36,154618822658,0
12,36,154618822659,0
12,36,154618822660,0
12,36,154618822661,1
12,36,154618822662,4
12,36,154618822663,12
12,36,154618822664,109
12,36,154618822665,43
12,36,154618822666,1
12,36,154618822667,0
12,36,154618822668,0
12,36,154618822669,29
12,36,154618822670,0
12,36,154618822671,0
12,36,154618822672,0
12,36,154618822673,0
12,36,154618822674,0
12,36,154618822675,0
12,36,154618822676,0
12,36,154618822677,0
12,36,154618822678,0
12,36,154618822679,0
12,36,154618822680,0
12,36,154618822681,1
12,36,154618822682,1
12,36,154618822683,0
12,36,154618822684,0
12,36,154618822685,0
12,36,154618822686,1
12,36,154618822687,0
12,36,154618822688,0
12,36,154618822689,1
12,36,154618822690,3657
12,36,154618822691,0
13,36,154618822656,1
13,36,154618822657,1
13,36,154618822658,0
13,36,154618822659,1
13,36,154618822660,0
13,36,154618822661,1
13,36,154618822662,1
13,36,154618822663,1
13,36,154618822664,2
13,36,154618822665,2
13,36,154618822666,0
13,36,154618822667,1
13,36,154618822668,0
13,36,154618822669,2
13,36,154618822670,0
13,36,154618822671,1
13,36,154618822672,0
13,36,154618822673,1
13,36,154618822674,0
13,36,154618822675,1
13,36,154618822676,0
13,36,154618822677,1
13,36,154618822678,0
13,36,154618822679,1
13,36,154618822680,0
13,36,154618822681,1
13,36,154618822682,1
13,36,154618822683,0
13,36,154618822684,1
13,36,154618822685,0
13,36,154618822686,1
13,36,154618822687,0
13,36,154618822688,1
13,36,154618822689,0
13,36,154618822690,257
13,36,154618822691,0
14,36,154618822656,486
14,36,154618822657,443
14,36,154618822658,385
14,36,154618822659,1225
14,36,154618822660,2015
14,36,154618822661,678
14,36,154618822662,259
14,36,154618822663,242
14,36,154618822664,220
14,36,154618822665,135
14,36,154618822666,94
14,36,154618822667,103
14,36,154618822668,137
14,36,154618822669,120
14,36,154618822670,95
14,36,154618822671,376
14,36,154618822672,324
14,36,154618822673,131
14,36,154618822674,180
14,36,154618822675,99
14,36,154618822676,95
14,36,154618822677,456
14,36,154618822678,230
14,36,154618822679,187
14,36,154618822680,200
14,36,154618822681,185
14,36,154618822682,114
14,36,154618822683,101
14,36,154618822684,143
14,36,154618822685,303
14,36,154618822686,83
14,36,154618822687,232
14,36,154618822688,289
14,36,154618822689,249
14,36,154618822690,3682
14,36,154618822691,169
15,36,154618822656,0
15,36,154618822657,0
15,36,154618822658,0
15,36,154618822659,0
15,36,154618822660,0
15,36,154618822661,0
15,36,154618822662,0
15,36,154618822663,0
15,36,154618822664,0
15,36,154618822665,0
15,36,154618822666,0
15,36,154618822667,0
15,36,154618822668,0
15,36,154618822669,0
15,36,154618822670,0
15,36,154618822671,0
15,36,154618822672,0
15,36,154618822673,0
15,36,154618822674,0
15,36,154618822675,0
15,36,154618822676,0
15,36,154618822677,0
15,36,154618822678,0
15,36,154618822679,0
15,36,154618822680,0
15,36,154618822681,0
15,36,154618822682,0
15,36,154618822683,0
15,36,154618822684,0
15,36,154618822685,0
15,36,154618822686,0
15,36,154618822687,0
15,36,154618822688,0
15,36,154618822689,0
15,36,154618822690,0
15,36,154618822691,0
