0,34,146028888064,2
0,34,146028888065,1
0,34,146028888066,1
0,34,146028888067,0
0,34,146028888068,15
0,34,146028888069,0
0,34,146028888070,1
0,34,146028888071,6
0,34,146028888072,1
0,34,146028888073,0
0,34,146028888074,1
0,34,146028888075,7
0,34,146028888076,1
0,34,146028888077,0
0,34,146028888078,0
0,34,146028888079,3
0,34,146028888080,317
0,34,146028888081,0
1,34,146028888064,3150
1,34,146028888065,3315
1,34,146028888066,2996
1,34,146028888067,2937
1,34,146028888068,3357
1,34,146028888069,3483
1,34,146028888070,3022
1,34,146028888071,2119
1,34,146028888072,4415
1,34,146028888073,1475
1,34,146028888074,4345
1,34,146028888075,4972
1,34,146028888076,2738
1,34,146028888077,2201
1,34,146028888078,2962
1,34,146028888079,1901
1,34,146028888080,2705
1,34,146028888081,1892
2,34,146028888064,0
2,34,146028888065,0
2,34,146028888066,0
2,34,146028888067,0
2,34,146028888068,0
2,34,146028888069,0
2,34,146028888070,0
2,34,146028888071,0
2,34,146028888072,0
2,34,146028888073,0
2,34,146028888074,0
2,34,146028888075,0
2,34,146028888076,1
2,34,146028888077,0
2,34,146028888078,0
2,34,146028888079,0
2,34,146028888080,0
2,34,146028888081,0
3,34,146028888064,0
3,34,146028888065,0
3,34,146028888066,0
3,34,146028888067,0
3,34,146028888068,0
3,34,146028888069,0
3,34,146028888070,0
3,34,146028888071,0
3,34,146028888072,1
3,34,146028888073,0
3,34,146028888074,0
3,34,146028888075,0
3,34,146028888076,0
3,34,146028888077,3
3,34,146028888078,0
3,34,146028888079,55
3,34,146028888080,1517228
3,34,146028888081,0
4,34,146028888064,1
4,34,146028888065,3
4,34,146028888066,1
4,34,146028888067,0
4,34,146028888068,23
4,34,146028888069,1
4,34,146028888070,0
4,34,146028888071,4
4,34,146028888072,9
4,34,146028888073,0
4,34,146028888074,1
4,34,146028888075,11
4,34,146028888076,0
4,34,146028888077,0
4,34,146028888078,0
4,34,146028888079,0
4,34,146028888080,85690
4,34,146028888081,0
5,34,146028888064,0
5,34,146028888065,0
5,34,146028888066,0
5,34,146028888067,0
5,34,146028888068,0
5,34,146028888069,1
5,34,146028888070,0
5,34,146028888071,0
5,34,146028888072,0
5,34,146028888073,0
5,34,146028888074,0
5,34,146028888075,0
5,34,146028888076,0
5,34,146028888077,0
5,34,146028888078,0
5,34,146028888079,0
5,34,146028888080,31211
5,34,146028888081,0
6,34,146028888064,0
6,34,146028888065,0
6,34,146028888066,0
6,34,146028888067,0
6,34,146028888068,0
6,34,146028888069,0
6,34,146028888070,0
6,34,146028888071,6
6,34,146028888072,0
6,34,146028888073,0
6,34,146028888074,0
6,34,146028888075,1
6,34,146028888076,0
6,34,146028888077,0
6,34,146028888078,0
6,34,146028888079,0
6,34,146028888080,22
6,34,146028888081,0
7,34,146028888064,0
7,34,146028888065,0
7,34,146028888066,0
7,34,146028888067,0
7,34,146028888068,0
7,34,146028888069,0
7,34,146028888070,0
7,34,146028888071,0
7,34,146028888072,0
7,34,146028888073,0
7,34,146028888074,0
7,34,146028888075,0
7,34,146028888076,0
7,34,146028888077,1
7,34,146028888078,0
7,34,146028888079,0
7,34,146028888080,1
7,34,146028888081,0
8,34,146028888064,0
8,34,146028888065,0
8,34,146028888066,0
8,34,146028888067,0
8,34,146028888068,0
8,34,146028888069,0
8,34,146028888070,0
8,34,146028888071,0
8,34,146028888072,0
8,34,146028888073,0
8,34,146028888074,0
8,34,146028888075,0
8,34,146028888076,0
8,34,146028888077,0
8,34,146028888078,0
8,34,146028888079,0
8,34,146028888080,0
8,34,146028888081,0
9,34,146028888064,0
9,34,146028888065,0
9,34,146028888066,0
9,34,146028888067,0
9,34,146028888068,0
9,34,146028888069,0
9,34,146028888070,0
9,34,146028888071,0
9,34,146028888072,0
9,34,146028888073,0
9,34,146028888074,0
9,34,146028888075,0
9,34,146028888076,0
9,34,146028888077,0
9,34,146028888078,0
9,34,146028888079,0
9,34,146028888080,0
9,34,146028888081,0
10,34,146028888064,0
10,34,146028888065,0
10,34,146028888066,0
10,34,146028888067,0
10,34,146028888068,0
10,34,146028888069,0
10,34,146028888070,0
10,34,146028888071,0
10,34,146028888072,0
10,34,146028888073,0
10,34,146028888074,0
10,34,146028888075,0
10,34,146028888076,0
10,34,146028888077,0
10,34,146028888078,0
10,34,146028888079,0
10,34,146028888080,0
10,34,146028888081,0
11,34,146028888064,0
11,34,146028888065,0
11,34,146028888066,0
11,34,146028888067,0
11,34,146028888068,0
11,34,146028888069,0
11,34,146028888070,0
11,34,146028888071,0
11,34,146028888072,0
11,34,146028888073,0
11,34,146028888074,0
11,34,146028888075,0
11,34,146028888076,0
11,34,146028888077,0
11,34,146028888078,0
11,34,146028888079,0
11,34,146028888080,0
11,34,146028888081,0
12,34,146028888064,1
12,34,146028888065,7
12,34,146028888066,0
12,34,146028888067,0
12,34,146028888068,54
12,34,146028888069,1
12,34,146028888070,0
12,34,146028888071,1
12,34,146028888072,7
12,34,146028888073,0
12,34,146028888074,1
12,34,146028888075,1
12,34,146028888076,0
12,34,146028888077,0
12,34,146028888078,1
12,34,146028888079,3
12,34,146028888080,3278
12,34,146028888081,0
13,34,146028888064,1
13,34,146028888065,1
13,34,146028888066,1
13,34,146028888067,0
13,34,146028888068,1
13,34,146028888069,1
13,34,146028888070,0
13,34,146028888071,1
13,34,146028888072,1
13,34,146028888073,0
13,34,146028888074,1
13,34,146028888075,1
13,34,146028888076,0
13,34,146028888077,1
13,34,146028888078,0
13,34,146028888079,1
13,34,146028888080,191
13,34,146028888081,0
14,34,146028888064,775
14,34,146028888065,1225
14,34,146028888066,636
14,34,146028888067,717
14,34,146028888068,871
14,34,146028888069,278
14,34,146028888070,198
14,34,146028888071,461
14,34,146028888072,161
14,34,146028888073,186
14,34,146028888074,217
14,34,146028888075,128
14,34,146028888076,150
14,34,146028888077,107
14,34,146028888078,103
14,34,146028888079,156
14,34,146028888080,6949
14,34,146028888081,1510
15,34,146028888064,0
15,34,146028888065,0
15,34,146028888066,0
15,34,146028888067,0
15,34,146028888068,0
15,34,146028888069,0
15,34,146028888070,0
15,34,146028888071,0
15,34,146028888072,0
15,34,146028888073,0
15,34,146028888074,0
15,34,146028888075,0
15,34,146028888076,0
15,34,146028888077,0
15,34,146028888078,0
15,34,146028888079,0
15,34,146028888080,0
15,34,146028888081,0
