0,4,17179869184,15
0,4,17179869185,1
0,4,17179869186,0
0,4,17179869187,11
0,4,17179869188,350
0,4,17179869189,0
0,4,17179869190,1
0,4,17179869191,1
0,4,17179869192,0
0,4,17179869193,1
0,4,17179869194,3
0,4,17179869195,2
0,4,17179869196,1
0,4,17179869197,2
0,4,17179869198,1
0,4,17179869199,3
1,4,17179869184,2993
1,4,17179869185,3650
1,4,17179869186,3257
1,4,17179869187,2770
1,4,17179869188,3316
1,4,17179869189,3173
1,4,17179869190,3048
1,4,17179869191,2771
1,4,17179869192,4005
1,4,17179869193,2144
1,4,17179869194,4144
1,4,17179869195,5098
1,4,17179869196,2301
1,4,17179869197,2670
1,4,17179869198,2636
1,4,17179869199,1792
2,4,17179869184,0
2,4,17179869185,0
2,4,17179869186,0
2,4,17179869187,0
2,4,17179869188,0
2,4,17179869189,0
2,4,17179869190,0
2,4,17179869191,0
2,4,17179869192,1
2,4,17179869193,0
2,4,17179869194,0
2,4,17179869195,0
2,4,17179869196,0
2,4,17179869197,0
2,4,17179869198,0
2,4,17179869199,0
3,4,17179869184,87
3,4,17179869185,1
3,4,17179869186,0
3,4,17179869187,13
3,4,17179869188,1648637
3,4,17179869189,1
3,4,17179869190,0
3,4,17179869191,0
3,4,17179869192,0
3,4,17179869193,0
3,4,17179869194,36
3,4,17179869195,0
3,4,17179869196,0
3,4,17179869197,0
3,4,17179869198,0
3,4,17179869199,100
4,4,17179869184,12
4,4,17179869185,0
4,4,17179869186,0
4,4,17179869187,0
4,4,17179869188,92431
4,4,17179869189,0
4,4,17179869190,0
4,4,17179869191,0
4,4,17179869192,0
4,4,17179869193,0
4,4,17179869194,21
4,4,17179869195,1
4,4,17179869196,0
4,4,17179869197,71
4,4,17179869198,0
4,4,17179869199,111
5,4,17179869184,0
5,4,17179869185,0
5,4,17179869186,0
5,4,17179869187,11
5,4,17179869188,629
5,4,17179869189,0
5,4,17179869190,0
5,4,17179869191,0
5,4,17179869192,0
5,4,17179869193,0
5,4,17179869194,0
5,4,17179869195,2
5,4,17179869196,0
5,4,17179869197,0
5,4,17179869198,0
5,4,17179869199,0
6,4,17179869184,1
6,4,17179869185,0
6,4,17179869186,0
6,4,17179869187,0
6,4,17179869188,25
6,4,17179869189,1
6,4,17179869190,0
6,4,17179869191,0
6,4,17179869192,0
6,4,17179869193,0
6,4,17179869194,0
6,4,17179869195,0
6,4,17179869196,0
6,4,17179869197,0
6,4,17179869198,0
6,4,17179869199,0
7,4,17179869184,0
7,4,17179869185,0
7,4,17179869186,0
7,4,17179869187,0
7,4,17179869188,1
7,4,17179869189,0
7,4,17179869190,0
7,4,17179869191,0
7,4,17179869192,0
7,4,17179869193,0
7,4,17179869194,0
7,4,17179869195,0
7,4,17179869196,0
7,4,17179869197,0
7,4,17179869198,0
7,4,17179869199,0
8,4,17179869184,0
8,4,17179869185,0
8,4,17179869186,0
8,4,17179869187,0
8,4,17179869188,0
8,4,17179869189,0
8,4,17179869190,0
8,4,17179869191,1
8,4,17179869192,0
8,4,17179869193,0
8,4,17179869194,0
8,4,17179869195,0
8,4,17179869196,0
8,4,17179869197,0
8,4,17179869198,0
8,4,17179869199,0
9,4,17179869184,0
9,4,17179869185,0
9,4,17179869186,0
9,4,17179869187,0
9,4,17179869188,0
9,4,17179869189,0
9,4,17179869190,1
9,4,17179869191,0
9,4,17179869192,0
9,4,17179869193,0
9,4,17179869194,0
9,4,17179869195,0
9,4,17179869196,0
9,4,17179869197,0
9,4,17179869198,0
9,4,17179869199,0
10,4,17179869184,0
10,4,17179869185,0
10,4,17179869186,0
10,4,17179869187,0
10,4,17179869188,0
10,4,17179869189,0
10,4,17179869190,0
10,4,17179869191,0
10,4,17179869192,0
10,4,17179869193,0
10,4,17179869194,0
10,4,17179869195,0
10,4,17179869196,0
10,4,17179869197,0
10,4,17179869198,0
10,4,17179869199,0
11,4,17179869184,0
11,4,17179869185,0
11,4,17179869186,0
11,4,17179869187,0
11,4,17179869188,0
11,4,17179869189,0
11,4,17179869190,0
11,4,17179869191,0
11,4,17179869192,0
11,4,17179869193,0
11,4,17179869194,0
11,4,17179869195,0
11,4,17179869196,0
11,4,17179869197,0
11,4,17179869198,0
11,4,17179869199,0
12,4,17179869184,70
12,4,17179869185,1
12,4,17179869186,0
12,4,17179869187,37
12,4,17179869188,3814
12,4,17179869189,0
12,4,17179869190,0
12,4,17179869191,0
12,4,17179869192,0
12,4,17179869193,0
12,4,17179869194,18
12,4,17179869195,1
12,4,17179869196,0
12,4,17179869197,23
12,4,17179869198,0
12,4,17179869199,12
13,4,17179869184,3
13,4,17179869185,1
13,4,17179869186,0
13,4,17179869187,1
13,4,17179869188,174
13,4,17179869189,0
13,4,17179869190,1
13,4,17179869191,0
13,4,17179869192,0
13,4,17179869193,1
13,4,17179869194,1
13,4,17179869195,0
13,4,17179869196,0
13,4,17179869197,1
13,4,17179869198,1
13,4,17179869199,1
14,4,17179869184,865
14,4,17179869185,564
14,4,17179869186,331
14,4,17179869187,1108
14,4,17179869188,7975
14,4,17179869189,107
14,4,17179869190,261
14,4,17179869191,155
14,4,17179869192,3327
14,4,17179869193,1319
14,4,17179869194,106
14,4,17179869195,189
14,4,17179869196,206
14,4,17179869197,91
14,4,17179869198,233
14,4,17179869199,273
15,4,17179869184,0
15,4,17179869185,0
15,4,17179869186,0
15,4,17179869187,0
15,4,17179869188,0
15,4,17179869189,0
15,4,17179869190,0
15,4,17179869191,0
15,4,17179869192,0
15,4,17179869193,0
15,4,17179869194,0
15,4,17179869195,0
15,4,17179869196,0
15,4,17179869197,0
15,4,17179869198,0
15,4,17179869199,0
