0,14,60129542144,3
0,14,60129542145,3
0,14,60129542146,3
0,14,60129542147,0
0,14,60129542148,34
0,14,60129542149,238
0,14,60129542150,1
1,14,60129542144,3401
1,14,60129542145,3684
1,14,60129542146,3071
1,14,60129542147,2930
1,14,60129542148,3391
1,14,60129542149,2922
1,14,60129542150,3206
2,14,60129542144,0
2,14,60129542145,0
2,14,60129542146,0
2,14,60129542147,0
2,14,60129542148,0
2,14,60129542149,0
2,14,60129542150,0
3,14,60129542144,0
3,14,60129542145,0
3,14,60129542146,53
3,14,60129542147,0
3,14,60129542148,0
3,14,60129542149,1363693
3,14,60129542150,0
4,14,60129542144,0
4,14,60129542145,1
4,14,60129542146,1
4,14,60129542147,0
4,14,60129542148,332
4,14,60129542149,1501
4,14,60129542150,0
5,14,60129542144,0
5,14,60129542145,0
5,14,60129542146,0
5,14,60129542147,0
5,14,60129542148,198
5,14,60129542149,648
5,14,60129542150,0
6,14,60129542144,1
6,14,60129542145,0
6,14,60129542146,0
6,14,60129542147,0
6,14,60129542148,0
6,14,60129542149,3
6,14,60129542150,0
7,14,60129542144,0
7,14,60129542145,0
7,14,60129542146,0
7,14,60129542147,0
7,14,60129542148,0
7,14,60129542149,0
7,14,60129542150,0
8,14,60129542144,0
8,14,60129542145,0
8,14,60129542146,0
8,14,60129542147,0
8,14,60129542148,0
8,14,60129542149,0
8,14,60129542150,0
9,14,60129542144,0
9,14,60129542145,0
9,14,60129542146,0
9,14,60129542147,0
9,14,60129542148,0
9,14,60129542149,0
9,14,60129542150,0
10,14,60129542144,0
10,14,60129542145,0
10,14,60129542146,0
10,14,60129542147,0
10,14,60129542148,0
10,14,60129542149,0
10,14,60129542150,0
11,14,60129542144,0
11,14,60129542145,0
11,14,60129542146,0
11,14,60129542147,0
11,14,60129542148,0
11,14,60129542149,0
11,14,60129542150,0
12,14,60129542144,1
12,14,60129542145,6
12,14,60129542146,27
12,14,60129542147,0
12,14,60129542148,122
12,14,60129542149,3637
12,14,60129542150,0
13,14,60129542144,1
13,14,60129542145,1
13,14,60129542146,0
13,14,60129542147,0
13,14,60129542148,1
13,14,60129542149,150
13,14,60129542150,0
14,14,60129542144,843
14,14,60129542145,515
14,14,60129542146,865
14,14,60129542147,589
14,14,60129542148,697
14,14,60129542149,5119
14,14,60129542150,414
15,14,60129542144,0
15,14,60129542145,0
15,14,60129542146,0
15,14,60129542147,0
15,14,60129542148,0
15,14,60129542149,0
15,14,60129542150,0
