0,25,107374182400,2
0,25,107374182401,3
0,25,107374182402,3
0,25,107374182403,1
0,25,107374182404,0
0,25,107374182405,1
0,25,107374182406,1
0,25,107374182407,0
0,25,107374182408,4
0,25,107374182409,1
0,25,107374182410,1
0,25,107374182411,0
0,25,107374182412,0
0,25,107374182413,1
0,25,107374182414,1
0,25,107374182415,390
0,25,107374182416,1
0,25,107374182417,0
0,25,107374182418,1
0,25,107374182419,0
0,25,107374182420,0
0,25,107374182421,1
0,25,107374182422,1
0,25,107374182423,0
0,25,107374182424,0
0,25,107374182425,1
0,25,107374182426,0
0,25,107374182427,1
0,25,107374182428,0
0,25,107374182429,0
0,25,107374182430,1
0,25,107374182431,0
0,25,107374182432,1
0,25,107374182433,0
0,25,107374182434,1
0,25,107374182435,0
0,25,107374182436,1
0,25,107374182437,0
0,25,107374182438,0
0,25,107374182439,1
0,25,107374182440,0
0,25,107374182441,1
0,25,107374182442,0
0,25,107374182443,1
0,25,107374182444,0
0,25,107374182445,0
0,25,107374182446,1
1,25,107374182400,3337
1,25,107374182401,3716
1,25,107374182402,2929
1,25,107374182403,2988
1,25,107374182404,3158
1,25,107374182405,3449
1,25,107374182406,3575
1,25,107374182407,2814
1,25,107374182408,4799
1,25,107374182409,4079
1,25,107374182410,4596
1,25,107374182411,2771
1,25,107374182412,2503
1,25,107374182413,2519
1,25,107374182414,1182
1,25,107374182415,2142
1,25,107374182416,2311
1,25,107374182417,2126
1,25,107374182418,2346
1,25,107374182419,4435
1,25,107374182420,1574
1,25,107374182421,2837
1,25,107374182422,2000
1,25,107374182423,18
1,25,107374182424,10
1,25,107374182425,9
1,25,107374182426,10
1,25,107374182427,9
1,25,107374182428,9
1,25,107374182429,9
1,25,107374182430,9
1,25,107374182431,10
1,25,107374182432,9
1,25,107374182433,9
1,25,107374182434,9
1,25,107374182435,10
1,25,107374182436,9
1,25,107374182437,10
1,25,107374182438,9
1,25,107374182439,10
1,25,107374182440,10
1,25,107374182441,10
1,25,107374182442,9
1,25,107374182443,10
1,25,107374182444,9
1,25,107374182445,9
1,25,107374182446,10
2,25,107374182400,0
2,25,107374182401,0
2,25,107374182402,0
2,25,107374182403,0
2,25,107374182404,0
2,25,107374182405,0
2,25,107374182406,0
2,25,107374182407,0
2,25,107374182408,0
2,25,107374182409,0
2,25,107374182410,0
2,25,107374182411,0
2,25,107374182412,0
2,25,107374182413,0
2,25,107374182414,0
2,25,107374182415,0
2,25,107374182416,0
2,25,107374182417,0
2,25,107374182418,0
2,25,107374182419,1
2,25,107374182420,0
2,25,107374182421,0
2,25,107374182422,0
2,25,107374182423,0
2,25,107374182424,0
2,25,107374182425,0
2,25,107374182426,0
2,25,107374182427,0
2,25,107374182428,0
2,25,107374182429,0
2,25,107374182430,0
2,25,107374182431,0
2,25,107374182432,0
2,25,107374182433,0
2,25,107374182434,0
2,25,107374182435,0
2,25,107374182436,0
2,25,107374182437,0
2,25,107374182438,0
2,25,107374182439,0
2,25,107374182440,0
2,25,107374182441,0
2,25,107374182442,0
2,25,107374182443,0
2,25,107374182444,0
2,25,107374182445,0
2,25,107374182446,0
3,25,107374182400,1
3,25,107374182401,0
3,25,107374182402,0
3,25,107374182403,0
3,25,107374182404,1
3,25,107374182405,0
3,25,107374182406,19
3,25,107374182407,0
3,25,107374182408,0
3,25,107374182409,2
3,25,107374182410,0
3,25,107374182411,0
3,25,107374182412,0
3,25,107374182413,0
3,25,107374182414,2
3,25,107374182415,1737525
3,25,107374182416,0
3,25,107374182417,0
3,25,107374182418,0
3,25,107374182419,0
3,25,107374182420,0
3,25,107374182421,2
3,25,107374182422,0
3,25,107374182423,0
3,25,107374182424,0
3,25,107374182425,0
3,25,107374182426,0
3,25,107374182427,0
3,25,107374182428,0
3,25,107374182429,0
3,25,107374182430,0
3,25,107374182431,0
3,25,107374182432,0
3,25,107374182433,0
3,25,107374182434,1
3,25,107374182435,0
3,25,107374182436,0
3,25,107374182437,0
3,25,107374182438,0
3,25,107374182439,0
3,25,107374182440,0
3,25,107374182441,0
3,25,107374182442,0
3,25,107374182443,0
3,25,107374182444,0
3,25,107374182445,0
3,25,107374182446,0
4,25,107374182400,0
4,25,107374182401,1
4,25,107374182402,3
4,25,107374182403,1
4,25,107374182404,0
4,25,107374182405,1
4,25,107374182406,0
4,25,107374182407,0
4,25,107374182408,3
4,25,107374182409,0
4,25,107374182410,0
4,25,107374182411,0
4,25,107374182412,0
4,25,107374182413,0
4,25,107374182414,0
4,25,107374182415,43229
4,25,107374182416,0
4,25,107374182417,0
4,25,107374182418,0
4,25,107374182419,0
4,25,107374182420,0
4,25,107374182421,1
4,25,107374182422,0
4,25,107374182423,0
4,25,107374182424,0
4,25,107374182425,0
4,25,107374182426,0
4,25,107374182427,0
4,25,107374182428,0
4,25,107374182429,0
4,25,107374182430,0
4,25,107374182431,1
4,25,107374182432,0
4,25,107374182433,0
4,25,107374182434,0
4,25,107374182435,0
4,25,107374182436,0
4,25,107374182437,0
4,25,107374182438,0
4,25,107374182439,0
4,25,107374182440,0
4,25,107374182441,0
4,25,107374182442,0
4,25,107374182443,0
4,25,107374182444,0
4,25,107374182445,0
4,25,107374182446,0
5,25,107374182400,0
5,25,107374182401,0
5,25,107374182402,1
5,25,107374182403,0
5,25,107374182404,0
5,25,107374182405,0
5,25,107374182406,0
5,25,107374182407,0
5,25,107374182408,1
5,25,107374182409,0
5,25,107374182410,0
5,25,107374182411,0
5,25,107374182412,0
5,25,107374182413,0
5,25,107374182414,0
5,25,107374182415,1654
5,25,107374182416,0
5,25,107374182417,0
5,25,107374182418,0
5,25,107374182419,0
5,25,107374182420,0
5,25,107374182421,0
5,25,107374182422,0
5,25,107374182423,0
5,25,107374182424,0
5,25,107374182425,0
5,25,107374182426,0
5,25,107374182427,0
5,25,107374182428,0
5,25,107374182429,0
5,25,107374182430,0
5,25,107374182431,0
5,25,107374182432,0
5,25,107374182433,0
5,25,107374182434,0
5,25,107374182435,0
5,25,107374182436,0
5,25,107374182437,0
5,25,107374182438,0
5,25,107374182439,0
5,25,107374182440,1
5,25,107374182441,0
5,25,107374182442,0
5,25,107374182443,0
5,25,107374182444,0
5,25,107374182445,0
5,25,107374182446,0
6,25,107374182400,0
6,25,107374182401,0
6,25,107374182402,1
6,25,107374182403,0
6,25,107374182404,0
6,25,107374182405,0
6,25,107374182406,0
6,25,107374182407,0
6,25,107374182408,0
6,25,107374182409,0
6,25,107374182410,0
6,25,107374182411,1
6,25,107374182412,0
6,25,107374182413,0
6,25,107374182414,0
6,25,107374182415,176
6,25,107374182416,1
6,25,107374182417,0
6,25,107374182418,0
6,25,107374182419,0
6,25,107374182420,0
6,25,107374182421,0
6,25,107374182422,0
6,25,107374182423,0
6,25,107374182424,0
6,25,107374182425,0
6,25,107374182426,0
6,25,107374182427,0
6,25,107374182428,0
6,25,107374182429,0
6,25,107374182430,0
6,25,107374182431,0
6,25,107374182432,0
6,25,107374182433,0
6,25,107374182434,0
6,25,107374182435,0
6,25,107374182436,0
6,25,107374182437,0
6,25,107374182438,0
6,25,107374182439,0
6,25,107374182440,0
6,25,107374182441,0
6,25,107374182442,0
6,25,107374182443,0
6,25,107374182444,0
6,25,107374182445,0
6,25,107374182446,0
7,25,107374182400,0
7,25,107374182401,0
7,25,107374182402,0
7,25,107374182403,0
7,25,107374182404,0
7,25,107374182405,0
7,25,107374182406,0
7,25,107374182407,0
7,25,107374182408,0
7,25,107374182409,0
7,25,107374182410,0
7,25,107374182411,0
7,25,107374182412,0
7,25,107374182413,0
7,25,107374182414,0
7,25,107374182415,259
7,25,107374182416,0
7,25,107374182417,0
7,25,107374182418,0
7,25,107374182419,0
7,25,107374182420,0
7,25,107374182421,0
7,25,107374182422,0
7,25,107374182423,0
7,25,107374182424,0
7,25,107374182425,0
7,25,107374182426,0
7,25,107374182427,0
7,25,107374182428,0
7,25,107374182429,0
7,25,107374182430,0
7,25,107374182431,0
7,25,107374182432,0
7,25,107374182433,0
7,25,107374182434,0
7,25,107374182435,0
7,25,107374182436,0
7,25,107374182437,0
7,25,107374182438,0
7,25,107374182439,0
7,25,107374182440,0
7,25,107374182441,0
7,25,107374182442,0
7,25,107374182443,0
7,25,107374182444,0
7,25,107374182445,0
7,25,107374182446,0
8,25,107374182400,0
8,25,107374182401,0
8,25,107374182402,0
8,25,107374182403,0
8,25,107374182404,0
8,25,107374182405,0
8,25,107374182406,0
8,25,107374182407,0
8,25,107374182408,1
8,25,107374182409,0
8,25,107374182410,0
8,25,107374182411,0
8,25,107374182412,0
8,25,107374182413,0
8,25,107374182414,0
8,25,107374182415,0
8,25,107374182416,0
8,25,107374182417,0
8,25,107374182418,1
8,25,107374182419,0
8,25,107374182420,0
8,25,107374182421,0
8,25,107374182422,0
8,25,107374182423,0
8,25,107374182424,0
8,25,107374182425,0
8,25,107374182426,0
8,25,107374182427,0
8,25,107374182428,0
8,25,107374182429,0
8,25,107374182430,0
8,25,107374182431,0
8,25,107374182432,0
8,25,107374182433,0
8,25,107374182434,0
8,25,107374182435,0
8,25,107374182436,0
8,25,107374182437,0
8,25,107374182438,0
8,25,107374182439,0
8,25,107374182440,0
8,25,107374182441,0
8,25,107374182442,0
8,25,107374182443,0
8,25,107374182444,0
8,25,107374182445,0
8,25,107374182446,0
9,25,107374182400,0
9,25,107374182401,0
9,25,107374182402,0
9,25,107374182403,0
9,25,107374182404,0
9,25,107374182405,0
9,25,107374182406,0
9,25,107374182407,0
9,25,107374182408,0
9,25,107374182409,0
9,25,107374182410,0
9,25,107374182411,0
9,25,107374182412,0
9,25,107374182413,0
9,25,107374182414,0
9,25,107374182415,0
9,25,107374182416,0
9,25,107374182417,0
9,25,107374182418,0
9,25,107374182419,0
9,25,107374182420,0
9,25,107374182421,0
9,25,107374182422,0
9,25,107374182423,0
9,25,107374182424,0
9,25,107374182425,0
9,25,107374182426,0
9,25,107374182427,0
9,25,107374182428,0
9,25,107374182429,0
9,25,107374182430,0
9,25,107374182431,1
9,25,107374182432,0
9,25,107374182433,0
9,25,107374182434,0
9,25,107374182435,0
9,25,107374182436,0
9,25,107374182437,0
9,25,107374182438,0
9,25,107374182439,0
9,25,107374182440,0
9,25,107374182441,0
9,25,107374182442,0
9,25,107374182443,0
9,25,107374182444,0
9,25,107374182445,0
9,25,107374182446,0
10,25,107374182400,0
10,25,107374182401,0
10,25,107374182402,0
10,25,107374182403,0
10,25,107374182404,0
10,25,107374182405,0
10,25,107374182406,0
10,25,107374182407,0
10,25,107374182408,0
10,25,107374182409,0
10,25,107374182410,0
10,25,107374182411,0
10,25,107374182412,0
10,25,107374182413,1
10,25,107374182414,0
10,25,107374182415,0
10,25,107374182416,0
10,25,107374182417,0
10,25,107374182418,0
10,25,107374182419,0
10,25,107374182420,0
10,25,107374182421,0
10,25,107374182422,0
10,25,107374182423,0
10,25,107374182424,0
10,25,107374182425,0
10,25,107374182426,0
10,25,107374182427,0
10,25,107374182428,0
10,25,107374182429,0
10,25,107374182430,0
10,25,107374182431,0
10,25,107374182432,0
10,25,107374182433,0
10,25,107374182434,0
10,25,107374182435,0
10,25,107374182436,0
10,25,107374182437,0
10,25,107374182438,0
10,25,107374182439,0
10,25,107374182440,0
10,25,107374182441,0
10,25,107374182442,0
10,25,107374182443,1
10,25,107374182444,0
10,25,107374182445,0
10,25,107374182446,0
11,25,107374182400,0
11,25,107374182401,0
11,25,107374182402,0
11,25,107374182403,0
11,25,107374182404,0
11,25,107374182405,0
11,25,107374182406,0
11,25,107374182407,0
11,25,107374182408,0
11,25,107374182409,0
11,25,107374182410,0
11,25,107374182411,0
11,25,107374182412,0
11,25,107374182413,0
11,25,107374182414,0
11,25,107374182415,0
11,25,107374182416,0
11,25,107374182417,0
11,25,107374182418,0
11,25,107374182419,0
11,25,107374182420,0
11,25,107374182421,0
11,25,107374182422,0
11,25,107374182423,0
11,25,107374182424,0
11,25,107374182425,0
11,25,107374182426,0
11,25,107374182427,0
11,25,107374182428,0
11,25,107374182429,0
11,25,107374182430,0
11,25,107374182431,0
11,25,107374182432,0
11,25,107374182433,0
11,25,107374182434,0
11,25,107374182435,0
11,25,107374182436,0
11,25,107374182437,0
11,25,107374182438,0
11,25,107374182439,0
11,25,107374182440,0
11,25,107374182441,0
11,25,107374182442,0
11,25,107374182443,0
11,25,107374182444,0
11,25,107374182445,0
11,25,107374182446,0
12,25,107374182400,0
12,25,107374182401,1
12,25,107374182402,4
12,25,107374182403,1
12,25,107374182404,0
12,25,107374182405,0
12,25,107374182406,2
12,25,107374182407,0
12,25,107374182408,3
12,25,107374182409,1
12,25,107374182410,0
12,25,107374182411,0
12,25,107374182412,0
12,25,107374182413,0
12,25,107374182414,1
12,25,107374182415,3261
12,25,107374182416,0
12,25,107374182417,0
12,25,107374182418,0
12,25,107374182419,1
12,25,107374182420,0
12,25,107374182421,1
12,25,107374182422,0
12,25,107374182423,0
12,25,107374182424,0
12,25,107374182425,0
12,25,107374182426,0
12,25,107374182427,0
12,25,107374182428,0
12,25,107374182429,1
12,25,107374182430,0
12,25,107374182431,0
12,25,107374182432,0
12,25,107374182433,0
12,25,107374182434,1
12,25,107374182435,0
12,25,107374182436,0
12,25,107374182437,0
12,25,107374182438,1
12,25,107374182439,0
12,25,107374182440,0
12,25,107374182441,0
12,25,107374182442,0
12,25,107374182443,0
12,25,107374182444,0
12,25,107374182445,1
12,25,107374182446,0
13,25,107374182400,1
13,25,107374182401,1
13,25,107374182402,1
13,25,107374182403,0
13,25,107374182404,0
13,25,107374182405,1
13,25,107374182406,0
13,25,107374182407,1
13,25,107374182408,1
13,25,107374182409,0
13,25,107374182410,0
13,25,107374182411,0
13,25,107374182412,1
13,25,107374182413,0
13,25,107374182414,0
13,25,107374182415,262
13,25,107374182416,0
13,25,107374182417,0
13,25,107374182418,1
13,25,107374182419,0
13,25,107374182420,0
13,25,107374182421,0
13,25,107374182422,1
13,25,107374182423,0
13,25,107374182424,0
13,25,107374182425,0
13,25,107374182426,1
13,25,107374182427,0
13,25,107374182428,0
13,25,107374182429,1
13,25,107374182430,0
13,25,107374182431,0
13,25,107374182432,0
13,25,107374182433,1
13,25,107374182434,0
13,25,107374182435,0
13,25,107374182436,1
13,25,107374182437,0
13,25,107374182438,0
13,25,107374182439,0
13,25,107374182440,1
13,25,107374182441,0
13,25,107374182442,0
13,25,107374182443,1
13,25,107374182444,0
13,25,107374182445,0
13,25,107374182446,1
14,25,107374182400,681
14,25,107374182401,418
14,25,107374182402,368
14,25,107374182403,395
14,25,107374182404,242
14,25,107374182405,805
14,25,107374182406,538
14,25,107374182407,366
14,25,107374182408,237
14,25,107374182409,369
14,25,107374182410,206
14,25,107374182411,193
14,25,107374182412,162
14,25,107374182413,271
14,25,107374182414,304
14,25,107374182415,7046
14,25,107374182416,315
14,25,107374182417,340
14,25,107374182418,190
14,25,107374182419,466
14,25,107374182420,93
14,25,107374182421,103
14,25,107374182422,447
14,25,107374182423,1510
14,25,107374182424,2296
14,25,107374182425,304
14,25,107374182426,280
14,25,107374182427,372
14,25,107374182428,175
14,25,107374182429,170
14,25,107374182430,98
14,25,107374182431,95
14,25,107374182432,95
14,25,107374182433,216
14,25,107374182434,85
14,25,107374182435,363
14,25,107374182436,193
14,25,107374182437,278
14,25,107374182438,1531
14,25,107374182439,136
14,25,107374182440,147
14,25,107374182441,124
14,25,107374182442,72
14,25,107374182443,94
14,25,107374182444,884
14,25,107374182445,1705
14,25,107374182446,178
15,25,107374182400,0
15,25,107374182401,0
15,25,107374182402,0
15,25,107374182403,0
15,25,107374182404,0
15,25,107374182405,0
15,25,107374182406,0
15,25,107374182407,0
15,25,107374182408,0
15,25,107374182409,0
15,25,107374182410,0
15,25,107374182411,0
15,25,107374182412,0
15,25,107374182413,0
15,25,107374182414,0
15,25,107374182415,0
15,25,107374182416,0
15,25,107374182417,0
15,25,107374182418,0
15,25,107374182419,0
15,25,107374182420,0
15,25,107374182421,0
15,25,107374182422,0
15,25,107374182423,0
15,25,107374182424,0
15,25,107374182425,0
15,25,107374182426,0
15,25,107374182427,0
15,25,107374182428,0
15,25,107374182429,0
15,25,107374182430,0
15,25,107374182431,0
15,25,107374182432,0
15,25,107374182433,0
15,25,107374182434,0
15,25,107374182435,0
15,25,107374182436,0
15,25,107374182437,0
15,25,107374182438,0
15,25,107374182439,0
15,25,107374182440,0
15,25,107374182441,0
15,25,107374182442,0
15,25,107374182443,0
15,25,107374182444,0
15,25,107374182445,0
15,25,107374182446,0
