0,35,150323855360,44
0,35,150323855361,1
0,35,150323855362,18
0,35,150323855363,1
0,35,150323855364,7
0,35,150323855365,6
0,35,150323855366,1
0,35,150323855367,1
0,35,150323855368,0
0,35,150323855369,1
0,35,150323855370,2
0,35,150323855371,2
0,35,150323855372,1
0,35,150323855373,1
0,35,150323855374,1
0,35,150323855375,1
0,35,150323855376,1
0,35,150323855377,1
0,35,150323855378,1
0,35,150323855379,1
0,35,150323855380,1
0,35,150323855381,223
0,35,150323855382,0
0,35,150323855383,0
0,35,150323855384,1
0,35,150323855385,0
0,35,150323855386,1
0,35,150323855387,1
0,35,150323855388,1
0,35,150323855389,1
0,35,150323855390,0
0,35,150323855391,1
0,35,150323855392,0
0,35,150323855393,1
0,35,150323855394,0
0,35,150323855395,1
0,35,150323855396,0
0,35,150323855397,1
0,35,150323855398,2
0,35,150323855399,1
0,35,150323855400,1
0,35,150323855401,0
0,35,150323855402,1
0,35,150323855403,1
0,35,150323855404,0
0,35,150323855405,3
0,35,150323855406,1
0,35,150323855407,0
0,35,150323855408,1
0,35,150323855409,1
0,35,150323855410,1
0,35,150323855411,1
0,35,150323855412,2
0,35,150323855413,3
0,35,150323855414,1
0,35,150323855415,1
0,35,150323855416,0
0,35,150323855417,1
0,35,150323855418,0
0,35,150323855419,1
0,35,150323855420,1
0,35,150323855421,0
0,35,150323855422,0
0,35,150323855423,2
0,35,150323855424,1
0,35,150323855425,0
0,35,150323855426,1
1,35,150323855360,3061
1,35,150323855361,3407
1,35,150323855362,3005
1,35,150323855363,2862
1,35,150323855364,3206
1,35,150323855365,3759
1,35,150323855366,2830
1,35,150323855367,497
1,35,150323855368,2291
1,35,150323855369,4398
1,35,150323855370,2294
1,35,150323855371,4573
1,35,150323855372,4787
1,35,150323855373,2394
1,35,150323855374,2796
1,35,150323855375,2277
1,35,150323855376,2336
1,35,150323855377,2436
1,35,150323855378,1375
1,35,150323855379,11
1,35,150323855380,9
1,35,150323855381,9
1,35,150323855382,9
1,35,150323855383,9
1,35,150323855384,8
1,35,150323855385,9
1,35,150323855386,9
1,35,150323855387,9
1,35,150323855388,9
1,35,150323855389,9
1,35,150323855390,8
1,35,150323855391,9
1,35,150323855392,9
1,35,150323855393,9
1,35,150323855394,8
1,35,150323855395,9
1,35,150323855396,9
1,35,150323855397,9
1,35,150323855398,9
1,35,150323855399,9
1,35,150323855400,10
1,35,150323855401,9
1,35,150323855402,9
1,35,150323855403,9
1,35,150323855404,8
1,35,150323855405,9
1,35,150323855406,11
1,35,150323855407,13
1,35,150323855408,10
1,35,150323855409,10
1,35,150323855410,10
1,35,150323855411,9
1,35,150323855412,9
1,35,150323855413,9
1,35,150323855414,9
1,35,150323855415,9
1,35,150323855416,9
1,35,150323855417,8
1,35,150323855418,9
1,35,150323855419,9
1,35,150323855420,8
1,35,150323855421,9
1,35,150323855422,9
1,35,150323855423,10
1,35,150323855424,8
1,35,150323855425,9
1,35,150323855426,9
2,35,150323855360,0
2,35,150323855361,0
2,35,150323855362,0
2,35,150323855363,0
2,35,150323855364,0
2,35,150323855365,0
2,35,150323855366,0
2,35,150323855367,0
2,35,150323855368,0
2,35,150323855369,0
2,35,150323855370,0
2,35,150323855371,0
2,35,150323855372,0
2,35,150323855373,0
2,35,150323855374,0
2,35,150323855375,0
2,35,150323855376,0
2,35,150323855377,0
2,35,150323855378,1
2,35,150323855379,0
2,35,150323855380,0
2,35,150323855381,0
2,35,150323855382,0
2,35,150323855383,0
2,35,150323855384,0
2,35,150323855385,0
2,35,150323855386,0
2,35,150323855387,0
2,35,150323855388,0
2,35,150323855389,0
2,35,150323855390,0
2,35,150323855391,0
2,35,150323855392,0
2,35,150323855393,0
2,35,150323855394,0
2,35,150323855395,0
2,35,150323855396,0
2,35,150323855397,0
2,35,150323855398,0
2,35,150323855399,0
2,35,150323855400,0
2,35,150323855401,0
2,35,150323855402,0
2,35,150323855403,0
2,35,150323855404,0
2,35,150323855405,0
2,35,150323855406,0
2,35,150323855407,0
2,35,150323855408,0
2,35,150323855409,0
2,35,150323855410,1
2,35,150323855411,0
2,35,150323855412,0
2,35,150323855413,0
2,35,150323855414,0
2,35,150323855415,0
2,35,150323855416,0
2,35,150323855417,0
2,35,150323855418,0
2,35,150323855419,0
2,35,150323855420,0
2,35,150323855421,1
2,35,150323855422,0
2,35,150323855423,0
2,35,150323855424,0
2,35,150323855425,0
2,35,150323855426,0
3,35,150323855360,0
3,35,150323855361,0
3,35,150323855362,0
3,35,150323855363,42
3,35,150323855364,0
3,35,150323855365,263
3,35,150323855366,0
3,35,150323855367,0
3,35,150323855368,0
3,35,150323855369,0
3,35,150323855370,0
3,35,150323855371,1
3,35,150323855372,0
3,35,150323855373,4
3,35,150323855374,0
3,35,150323855375,0
3,35,150323855376,0
3,35,150323855377,0
3,35,150323855378,0
3,35,150323855379,0
3,35,150323855380,0
3,35,150323855381,848858
3,35,150323855382,0
3,35,150323855383,1
3,35,150323855384,0
3,35,150323855385,0
3,35,150323855386,0
3,35,150323855387,0
3,35,150323855388,0
3,35,150323855389,0
3,35,150323855390,0
3,35,150323855391,0
3,35,150323855392,0
3,35,150323855393,0
3,35,150323855394,0
3,35,150323855395,39
3,35,150323855396,0
3,35,150323855397,0
3,35,150323855398,0
3,35,150323855399,1
3,35,150323855400,0
3,35,150323855401,0
3,35,150323855402,0
3,35,150323855403,0
3,35,150323855404,0
3,35,150323855405,0
3,35,150323855406,10
3,35,150323855407,0
3,35,150323855408,0
3,35,150323855409,17
3,35,150323855410,0
3,35,150323855411,0
3,35,150323855412,0
3,35,150323855413,0
3,35,150323855414,0
3,35,150323855415,1
3,35,150323855416,1
3,35,150323855417,0
3,35,150323855418,0
3,35,150323855419,0
3,35,150323855420,0
3,35,150323855421,0
3,35,150323855422,0
3,35,150323855423,76
3,35,150323855424,0
3,35,150323855425,1
3,35,150323855426,0
4,35,150323855360,130
4,35,150323855361,0
4,35,150323855362,193
4,35,150323855363,0
4,35,150323855364,182
4,35,150323855365,410
4,35,150323855366,0
4,35,150323855367,0
4,35,150323855368,0
4,35,150323855369,0
4,35,150323855370,39
4,35,150323855371,5
4,35,150323855372,9
4,35,150323855373,0
4,35,150323855374,0
4,35,150323855375,10
4,35,150323855376,0
4,35,150323855377,1
4,35,150323855378,4
4,35,150323855379,2
4,35,150323855380,1
4,35,150323855381,132926
4,35,150323855382,0
4,35,150323855383,0
4,35,150323855384,1
4,35,150323855385,0
4,35,150323855386,1
4,35,150323855387,5
4,35,150323855388,13
4,35,150323855389,33
4,35,150323855390,0
4,35,150323855391,1
4,35,150323855392,1
4,35,150323855393,0
4,35,150323855394,6
4,35,150323855395,7
4,35,150323855396,0
4,35,150323855397,0
4,35,150323855398,78
4,35,150323855399,0
4,35,150323855400,9
4,35,150323855401,0
4,35,150323855402,14
4,35,150323855403,0
4,35,150323855404,0
4,35,150323855405,57
4,35,150323855406,0
4,35,150323855407,1
4,35,150323855408,0
4,35,150323855409,11
4,35,150323855410,0
4,35,150323855411,8
4,35,150323855412,71
4,35,150323855413,135
4,35,150323855414,29
4,35,150323855415,0
4,35,150323855416,0
4,35,150323855417,1
4,35,150323855418,0
4,35,150323855419,0
4,35,150323855420,3
4,35,150323855421,0
4,35,150323855422,0
4,35,150323855423,0
4,35,150323855424,2
4,35,150323855425,0
4,35,150323855426,2
5,35,150323855360,0
5,35,150323855361,1
5,35,150323855362,0
5,35,150323855363,0
5,35,150323855364,186
5,35,150323855365,0
5,35,150323855366,0
5,35,150323855367,0
5,35,150323855368,0
5,35,150323855369,0
5,35,150323855370,0
5,35,150323855371,2
5,35,150323855372,0
5,35,150323855373,0
5,35,150323855374,0
5,35,150323855375,6
5,35,150323855376,0
5,35,150323855377,0
5,35,150323855378,3
5,35,150323855379,1
5,35,150323855380,1
5,35,150323855381,476
5,35,150323855382,0
5,35,150323855383,0
5,35,150323855384,0
5,35,150323855385,0
5,35,150323855386,1
5,35,150323855387,0
5,35,150323855388,13
5,35,150323855389,37
5,35,150323855390,0
5,35,150323855391,0
5,35,150323855392,1
5,35,150323855393,0
5,35,150323855394,6
5,35,150323855395,0
5,35,150323855396,0
5,35,150323855397,0
5,35,150323855398,0
5,35,150323855399,0
5,35,150323855400,0
5,35,150323855401,0
5,35,150323855402,14
5,35,150323855403,0
5,35,150323855404,0
5,35,150323855405,0
5,35,150323855406,9
5,35,150323855407,0
5,35,150323855408,1
5,35,150323855409,12
5,35,150323855410,0
5,35,150323855411,0
5,35,150323855412,0
5,35,150323855413,0
5,35,150323855414,0
5,35,150323855415,0
5,35,150323855416,0
5,35,150323855417,1
5,35,150323855418,0
5,35,150323855419,0
5,35,150323855420,0
5,35,150323855421,0
5,35,150323855422,0
5,35,150323855423,0
5,35,150323855424,2
5,35,150323855425,0
5,35,150323855426,0
6,35,150323855360,0
6,35,150323855361,0
6,35,150323855362,0
6,35,150323855363,0
6,35,150323855364,0
6,35,150323855365,1
6,35,150323855366,0
6,35,150323855367,0
6,35,150323855368,0
6,35,150323855369,0
6,35,150323855370,0
6,35,150323855371,0
6,35,150323855372,0
6,35,150323855373,0
6,35,150323855374,0
6,35,150323855375,0
6,35,150323855376,0
6,35,150323855377,0
6,35,150323855378,0
6,35,150323855379,0
6,35,150323855380,0
6,35,150323855381,81
6,35,150323855382,0
6,35,150323855383,0
6,35,150323855384,0
6,35,150323855385,0
6,35,150323855386,0
6,35,150323855387,0
6,35,150323855388,0
6,35,150323855389,0
6,35,150323855390,0
6,35,150323855391,0
6,35,150323855392,0
6,35,150323855393,0
6,35,150323855394,0
6,35,150323855395,0
6,35,150323855396,0
6,35,150323855397,0
6,35,150323855398,0
6,35,150323855399,0
6,35,150323855400,0
6,35,150323855401,0
6,35,150323855402,0
6,35,150323855403,0
6,35,150323855404,0
6,35,150323855405,0
6,35,150323855406,0
6,35,150323855407,1
6,35,150323855408,0
6,35,150323855409,0
6,35,150323855410,0
6,35,150323855411,0
6,35,150323855412,0
6,35,150323855413,0
6,35,150323855414,0
6,35,150323855415,1
6,35,150323855416,0
6,35,150323855417,0
6,35,150323855418,0
6,35,150323855419,0
6,35,150323855420,0
6,35,150323855421,0
6,35,150323855422,0
6,35,150323855423,0
6,35,150323855424,0
6,35,150323855425,0
6,35,150323855426,0
7,35,150323855360,0
7,35,150323855361,0
7,35,150323855362,0
7,35,150323855363,0
7,35,150323855364,0
7,35,150323855365,0
7,35,150323855366,0
7,35,150323855367,0
7,35,150323855368,0
7,35,150323855369,0
7,35,150323855370,0
7,35,150323855371,0
7,35,150323855372,0
7,35,150323855373,0
7,35,150323855374,0
7,35,150323855375,0
7,35,150323855376,0
7,35,150323855377,0
7,35,150323855378,0
7,35,150323855379,0
7,35,150323855380,0
7,35,150323855381,1
7,35,150323855382,0
7,35,150323855383,0
7,35,150323855384,0
7,35,150323855385,0
7,35,150323855386,0
7,35,150323855387,0
7,35,150323855388,0
7,35,150323855389,0
7,35,150323855390,0
7,35,150323855391,0
7,35,150323855392,0
7,35,150323855393,0
7,35,150323855394,0
7,35,150323855395,0
7,35,150323855396,0
7,35,150323855397,0
7,35,150323855398,0
7,35,150323855399,0
7,35,150323855400,0
7,35,150323855401,0
7,35,150323855402,0
7,35,150323855403,0
7,35,150323855404,0
7,35,150323855405,0
7,35,150323855406,0
7,35,150323855407,0
7,35,150323855408,0
7,35,150323855409,0
7,35,150323855410,0
7,35,150323855411,1
7,35,150323855412,72
7,35,150323855413,0
7,35,150323855414,0
7,35,150323855415,0
7,35,150323855416,0
7,35,150323855417,0
7,35,150323855418,0
7,35,150323855419,0
7,35,150323855420,0
7,35,150323855421,0
7,35,150323855422,0
7,35,150323855423,0
7,35,150323855424,0
7,35,150323855425,0
7,35,150323855426,0
8,35,150323855360,0
8,35,150323855361,0
8,35,150323855362,0
8,35,150323855363,0
8,35,150323855364,0
8,35,150323855365,0
8,35,150323855366,0
8,35,150323855367,0
8,35,150323855368,0
8,35,150323855369,0
8,35,150323855370,0
8,35,150323855371,1
8,35,150323855372,0
8,35,150323855373,0
8,35,150323855374,0
8,35,150323855375,0
8,35,150323855376,0
8,35,150323855377,0
8,35,150323855378,0
8,35,150323855379,0
8,35,150323855380,0
8,35,150323855381,0
8,35,150323855382,0
8,35,150323855383,0
8,35,150323855384,0
8,35,150323855385,0
8,35,150323855386,0
8,35,150323855387,0
8,35,150323855388,0
8,35,150323855389,0
8,35,150323855390,0
8,35,150323855391,0
8,35,150323855392,0
8,35,150323855393,0
8,35,150323855394,0
8,35,150323855395,0
8,35,150323855396,0
8,35,150323855397,0
8,35,150323855398,0
8,35,150323855399,0
8,35,150323855400,0
8,35,150323855401,0
8,35,150323855402,0
8,35,150323855403,0
8,35,150323855404,0
8,35,150323855405,0
8,35,150323855406,0
8,35,150323855407,0
8,35,150323855408,0
8,35,150323855409,0
8,35,150323855410,0
8,35,150323855411,0
8,35,150323855412,0
8,35,150323855413,0
8,35,150323855414,0
8,35,150323855415,0
8,35,150323855416,0
8,35,150323855417,0
8,35,150323855418,0
8,35,150323855419,0
8,35,150323855420,0
8,35,150323855421,0
8,35,150323855422,0
8,35,150323855423,0
8,35,150323855424,0
8,35,150323855425,0
8,35,150323855426,0
9,35,150323855360,0
9,35,150323855361,0
9,35,150323855362,0
9,35,150323855363,0
9,35,150323855364,0
9,35,150323855365,0
9,35,150323855366,0
9,35,150323855367,0
9,35,150323855368,0
9,35,150323855369,0
9,35,150323855370,0
9,35,150323855371,0
9,35,150323855372,0
9,35,150323855373,0
9,35,150323855374,0
9,35,150323855375,0
9,35,150323855376,0
9,35,150323855377,0
9,35,150323855378,0
9,35,150323855379,0
9,35,150323855380,0
9,35,150323855381,0
9,35,150323855382,0
9,35,150323855383,0
9,35,150323855384,1
9,35,150323855385,0
9,35,150323855386,0
9,35,150323855387,0
9,35,150323855388,0
9,35,150323855389,0
9,35,150323855390,0
9,35,150323855391,0
9,35,150323855392,0
9,35,150323855393,0
9,35,150323855394,0
9,35,150323855395,0
9,35,150323855396,0
9,35,150323855397,0
9,35,150323855398,1
9,35,150323855399,0
9,35,150323855400,0
9,35,150323855401,0
9,35,150323855402,0
9,35,150323855403,0
9,35,150323855404,0
9,35,150323855405,0
9,35,150323855406,0
9,35,150323855407,0
9,35,150323855408,0
9,35,150323855409,0
9,35,150323855410,0
9,35,150323855411,0
9,35,150323855412,1
9,35,150323855413,0
9,35,150323855414,0
9,35,150323855415,0
9,35,150323855416,0
9,35,150323855417,0
9,35,150323855418,0
9,35,150323855419,0
9,35,150323855420,0
9,35,150323855421,0
9,35,150323855422,0
9,35,150323855423,0
9,35,150323855424,0
9,35,150323855425,0
9,35,150323855426,1
10,35,150323855360,0
10,35,150323855361,0
10,35,150323855362,0
10,35,150323855363,0
10,35,150323855364,0
10,35,150323855365,0
10,35,150323855366,0
10,35,150323855367,0
10,35,150323855368,0
10,35,150323855369,0
10,35,150323855370,0
10,35,150323855371,0
10,35,150323855372,0
10,35,150323855373,0
10,35,150323855374,0
10,35,150323855375,0
10,35,150323855376,0
10,35,150323855377,0
10,35,150323855378,0
10,35,150323855379,0
10,35,150323855380,0
10,35,150323855381,0
10,35,150323855382,0
10,35,150323855383,0
10,35,150323855384,0
10,35,150323855385,0
10,35,150323855386,0
10,35,150323855387,0
10,35,150323855388,0
10,35,150323855389,0
10,35,150323855390,0
10,35,150323855391,0
10,35,150323855392,0
10,35,150323855393,0
10,35,150323855394,0
10,35,150323855395,0
10,35,150323855396,0
10,35,150323855397,0
10,35,150323855398,0
10,35,150323855399,0
10,35,150323855400,0
10,35,150323855401,0
10,35,150323855402,0
10,35,150323855403,0
10,35,150323855404,0
10,35,150323855405,0
10,35,150323855406,0
10,35,150323855407,0
10,35,150323855408,0
10,35,150323855409,0
10,35,150323855410,0
10,35,150323855411,0
10,35,150323855412,0
10,35,150323855413,0
10,35,150323855414,0
10,35,150323855415,0
10,35,150323855416,0
10,35,150323855417,0
10,35,150323855418,0
10,35,150323855419,0
10,35,150323855420,0
10,35,150323855421,0
10,35,150323855422,0
10,35,150323855423,0
10,35,150323855424,0
10,35,150323855425,0
10,35,150323855426,0
11,35,150323855360,0
11,35,150323855361,0
11,35,150323855362,0
11,35,150323855363,0
11,35,150323855364,0
11,35,150323855365,0
11,35,150323855366,0
11,35,150323855367,0
11,35,150323855368,0
11,35,150323855369,0
11,35,150323855370,0
11,35,150323855371,0
11,35,150323855372,0
11,35,150323855373,0
11,35,150323855374,0
11,35,150323855375,0
11,35,150323855376,0
11,35,150323855377,0
11,35,150323855378,0
11,35,150323855379,0
11,35,150323855380,0
11,35,150323855381,0
11,35,150323855382,0
11,35,150323855383,0
11,35,150323855384,0
11,35,150323855385,0
11,35,150323855386,0
11,35,150323855387,0
11,35,150323855388,0
11,35,150323855389,0
11,35,150323855390,0
11,35,150323855391,0
11,35,150323855392,0
11,35,150323855393,0
11,35,150323855394,0
11,35,150323855395,0
11,35,150323855396,0
11,35,150323855397,0
11,35,150323855398,0
11,35,150323855399,0
11,35,150323855400,0
11,35,150323855401,0
11,35,150323855402,0
11,35,150323855403,0
11,35,150323855404,0
11,35,150323855405,0
11,35,150323855406,0
11,35,150323855407,0
11,35,150323855408,0
11,35,150323855409,0
11,35,150323855410,0
11,35,150323855411,0
11,35,150323855412,0
11,35,150323855413,0
11,35,150323855414,0
11,35,150323855415,0
11,35,150323855416,0
11,35,150323855417,0
11,35,150323855418,0
11,35,150323855419,0
11,35,150323855420,0
11,35,150323855421,0
11,35,150323855422,0
11,35,150323855423,0
11,35,150323855424,0
11,35,150323855425,0
11,35,150323855426,0
12,35,150323855360,61
12,35,150323855361,1
12,35,150323855362,71
12,35,150323855363,2
12,35,150323855364,70
12,35,150323855365,156
12,35,150323855366,1
12,35,150323855367,1
12,35,150323855368,0
12,35,150323855369,0
12,35,150323855370,12
12,35,150323855371,1
12,35,150323855372,2
12,35,150323855373,3
12,35,150323855374,0
12,35,150323855375,3
12,35,150323855376,1
12,35,150323855377,1
12,35,150323855378,2
12,35,150323855379,2
12,35,150323855380,1
12,35,150323855381,3174
12,35,150323855382,0
12,35,150323855383,0
12,35,150323855384,1
12,35,150323855385,0
12,35,150323855386,0
12,35,150323855387,3
12,35,150323855388,1
12,35,150323855389,26
12,35,150323855390,0
12,35,150323855391,0
12,35,150323855392,1
12,35,150323855393,0
12,35,150323855394,1
12,35,150323855395,12
12,35,150323855396,0
12,35,150323855397,0
12,35,150323855398,9
12,35,150323855399,0
12,35,150323855400,2
12,35,150323855401,0
12,35,150323855402,5
12,35,150323855403,0
12,35,150323855404,0
12,35,150323855405,6
12,35,150323855406,2
12,35,150323855407,0
12,35,150323855408,0
12,35,150323855409,6
12,35,150323855410,1
12,35,150323855411,2
12,35,150323855412,20
12,35,150323855413,36
12,35,150323855414,6
12,35,150323855415,0
12,35,150323855416,1
12,35,150323855417,0
12,35,150323855418,0
12,35,150323855419,0
12,35,150323855420,1
12,35,150323855421,0
12,35,150323855422,0
12,35,150323855423,35
12,35,150323855424,1
12,35,150323855425,0
12,35,150323855426,1
13,35,150323855360,2
13,35,150323855361,1
13,35,150323855362,3
13,35,150323855363,1
13,35,150323855364,1
13,35,150323855365,2
13,35,150323855366,0
13,35,150323855367,0
13,35,150323855368,1
13,35,150323855369,0
13,35,150323855370,1
13,35,150323855371,0
13,35,150323855372,1
13,35,150323855373,0
13,35,150323855374,1
13,35,150323855375,1
13,35,150323855376,1
13,35,150323855377,0
13,35,150323855378,1
13,35,150323855379,0
13,35,150323855380,0
13,35,150323855381,135
13,35,150323855382,0
13,35,150323855383,1
13,35,150323855384,1
13,35,150323855385,0
13,35,150323855386,1
13,35,150323855387,1
13,35,150323855388,1
13,35,150323855389,1
13,35,150323855390,1
13,35,150323855391,0
13,35,150323855392,1
13,35,150323855393,1
13,35,150323855394,1
13,35,150323855395,1
13,35,150323855396,1
13,35,150323855397,0
13,35,150323855398,2
13,35,150323855399,1
13,35,150323855400,1
13,35,150323855401,0
13,35,150323855402,0
13,35,150323855403,1
13,35,150323855404,0
13,35,150323855405,1
13,35,150323855406,1
13,35,150323855407,0
13,35,150323855408,0
13,35,150323855409,2
13,35,150323855410,0
13,35,150323855411,1
13,35,150323855412,1
13,35,150323855413,1
13,35,150323855414,0
13,35,150323855415,0
13,35,150323855416,0
13,35,150323855417,1
13,35,150323855418,0
13,35,150323855419,0
13,35,150323855420,1
13,35,150323855421,0
13,35,150323855422,1
13,35,150323855423,1
13,35,150323855424,0
13,35,150323855425,0
13,35,150323855426,0
14,35,150323855360,915
14,35,150323855361,380
14,35,150323855362,1071
14,35,150323855363,693
14,35,150323855364,652
14,35,150323855365,670
14,35,150323855366,153
14,35,150323855367,161
14,35,150323855368,270
14,35,150323855369,304
14,35,150323855370,259
14,35,150323855371,184
14,35,150323855372,221
14,35,150323855373,140
14,35,150323855374,136
14,35,150323855375,193
14,35,150323855376,84
14,35,150323855377,94
14,35,150323855378,352
14,35,150323855379,3350
14,35,150323855380,3094
14,35,150323855381,3214
14,35,150323855382,199
14,35,150323855383,109
14,35,150323855384,304
14,35,150323855385,140
14,35,150323855386,552
14,35,150323855387,92
14,35,150323855388,300
14,35,150323855389,367
14,35,150323855390,374
14,35,150323855391,75
14,35,150323855392,100
14,35,150323855393,79
14,35,150323855394,90
14,35,150323855395,149
14,35,150323855396,141
14,35,150323855397,216
14,35,150323855398,408
14,35,150323855399,233
14,35,150323855400,278
14,35,150323855401,1532
14,35,150323855402,215
14,35,150323855403,159
14,35,150323855404,72
14,35,150323855405,843
14,35,150323855406,1297
14,35,150323855407,675
14,35,150323855408,79
14,35,150323855409,84
14,35,150323855410,56
14,35,150323855411,114
14,35,150323855412,126
14,35,150323855413,102
14,35,150323855414,79
14,35,150323855415,69
14,35,150323855416,69
14,35,150323855417,59
14,35,150323855418,62
14,35,150323855419,71
14,35,150323855420,78
14,35,150323855421,67
14,35,150323855422,69
14,35,150323855423,74
14,35,150323855424,72
14,35,150323855425,53
14,35,150323855426,77
15,35,150323855360,0
15,35,150323855361,0
15,35,150323855362,0
15,35,150323855363,0
15,35,150323855364,0
15,35,150323855365,0
15,35,150323855366,0
15,35,150323855367,0
15,35,150323855368,0
15,35,150323855369,0
15,35,150323855370,0
15,35,150323855371,0
15,35,150323855372,0
15,35,150323855373,0
15,35,150323855374,0
15,35,150323855375,0
15,35,150323855376,0
15,35,150323855377,0
15,35,150323855378,0
15,35,150323855379,0
15,35,150323855380,0
15,35,150323855381,0
15,35,150323855382,0
15,35,150323855383,0
15,35,150323855384,0
15,35,150323855385,0
15,35,150323855386,0
15,35,150323855387,0
15,35,150323855388,0
15,35,150323855389,0
15,35,150323855390,0
15,35,150323855391,0
15,35,150323855392,0
15,35,150323855393,0
15,35,150323855394,0
15,35,150323855395,0
15,35,150323855396,0
15,35,150323855397,0
15,35,150323855398,0
15,35,150323855399,0
15,35,150323855400,0
15,35,150323855401,0
15,35,150323855402,0
15,35,150323855403,0
15,35,150323855404,0
15,35,150323855405,0
15,35,150323855406,0
15,35,150323855407,0
15,35,150323855408,0
15,35,150323855409,0
15,35,150323855410,0
15,35,150323855411,0
15,35,150323855412,0
15,35,150323855413,0
15,35,150323855414,0
15,35,150323855415,0
15,35,150323855416,0
15,35,150323855417,0
15,35,150323855418,0
15,35,150323855419,0
15,35,150323855420,0
15,35,150323855421,0
15,35,150323855422,0
15,35,150323855423,0
15,35,150323855424,0
15,35,150323855425,0
15,35,150323855426,0
