0,5,21474836480,7
0,5,21474836481,1
0,5,21474836482,36
0,5,21474836483,8
0,5,21474836484,1
0,5,21474836485,2
0,5,21474836486,1
0,5,21474836487,262
0,5,21474836488,1
0,5,21474836489,2
0,5,21474836490,0
0,5,21474836491,1
0,5,21474836492,1
0,5,21474836493,0
0,5,21474836494,0
0,5,21474836495,3
0,5,21474836496,1
0,5,21474836497,0
0,5,21474836498,1
0,5,21474836499,0
0,5,21474836500,1
0,5,21474836501,2
0,5,21474836502,0
0,5,21474836503,1
1,5,21474836480,2556
1,5,21474836481,3842
1,5,21474836482,3063
1,5,21474836483,2930
1,5,21474836484,3290
1,5,21474836485,3198
1,5,21474836486,3132
1,5,21474836487,2788
1,5,21474836488,3771
1,5,21474836489,2394
1,5,21474836490,4080
1,5,21474836491,5214
1,5,21474836492,2277
1,5,21474836493,2611
1,5,21474836494,2695
1,5,21474836495,1800
1,5,21474836496,580
1,5,21474836497,9
1,5,21474836498,8
1,5,21474836499,9
1,5,21474836500,9
1,5,21474836501,9
1,5,21474836502,9
1,5,21474836503,11
2,5,21474836480,0
2,5,21474836481,0
2,5,21474836482,0
2,5,21474836483,0
2,5,21474836484,0
2,5,21474836485,0
2,5,21474836486,1
2,5,21474836487,0
2,5,21474836488,0
2,5,21474836489,0
2,5,21474836490,0
2,5,21474836491,0
2,5,21474836492,0
2,5,21474836493,0
2,5,21474836494,0
2,5,21474836495,0
2,5,21474836496,0
2,5,21474836497,0
2,5,21474836498,0
2,5,21474836499,0
2,5,21474836500,0
2,5,21474836501,0
2,5,21474836502,0
2,5,21474836503,0
3,5,21474836480,0
3,5,21474836481,0
3,5,21474836482,200
3,5,21474836483,107
3,5,21474836484,0
3,5,21474836485,0
3,5,21474836486,0
3,5,21474836487,1468769
3,5,21474836488,0
3,5,21474836489,75
3,5,21474836490,0
3,5,21474836491,0
3,5,21474836492,0
3,5,21474836493,0
3,5,21474836494,0
3,5,21474836495,77
3,5,21474836496,0
3,5,21474836497,0
3,5,21474836498,1
3,5,21474836499,0
3,5,21474836500,0
3,5,21474836501,0
3,5,21474836502,0
3,5,21474836503,21
4,5,21474836480,0
4,5,21474836481,0
4,5,21474836482,99
4,5,21474836483,0
4,5,21474836484,2
4,5,21474836485,7
4,5,21474836486,0
4,5,21474836487,80173
4,5,21474836488,0
4,5,21474836489,71
4,5,21474836490,0
4,5,21474836491,0
4,5,21474836492,14
4,5,21474836493,0
4,5,21474836494,0
4,5,21474836495,76
4,5,21474836496,0
4,5,21474836497,0
4,5,21474836498,0
4,5,21474836499,5
4,5,21474836500,22
4,5,21474836501,45
4,5,21474836502,0
4,5,21474836503,20
5,5,21474836480,0
5,5,21474836481,0
5,5,21474836482,0
5,5,21474836483,0
5,5,21474836484,0
5,5,21474836485,0
5,5,21474836486,0
5,5,21474836487,2595
5,5,21474836488,0
5,5,21474836489,0
5,5,21474836490,0
5,5,21474836491,1
5,5,21474836492,0
5,5,21474836493,0
5,5,21474836494,0
5,5,21474836495,0
5,5,21474836496,0
5,5,21474836497,0
5,5,21474836498,0
5,5,21474836499,5
5,5,21474836500,21
5,5,21474836501,42
5,5,21474836502,0
5,5,21474836503,0
6,5,21474836480,0
6,5,21474836481,0
6,5,21474836482,1
6,5,21474836483,0
6,5,21474836484,0
6,5,21474836485,0
6,5,21474836486,0
6,5,21474836487,19
6,5,21474836488,0
6,5,21474836489,0
6,5,21474836490,0
6,5,21474836491,0
6,5,21474836492,0
6,5,21474836493,0
6,5,21474836494,0
6,5,21474836495,0
6,5,21474836496,0
6,5,21474836497,0
6,5,21474836498,0
6,5,21474836499,0
6,5,21474836500,0
6,5,21474836501,1
6,5,21474836502,0
6,5,21474836503,0
7,5,21474836480,0
7,5,21474836481,0
7,5,21474836482,0
7,5,21474836483,0
7,5,21474836484,0
7,5,21474836485,0
7,5,21474836486,0
7,5,21474836487,2
7,5,21474836488,0
7,5,21474836489,0
7,5,21474836490,0
7,5,21474836491,0
7,5,21474836492,0
7,5,21474836493,0
7,5,21474836494,0
7,5,21474836495,0
7,5,21474836496,0
7,5,21474836497,0
7,5,21474836498,0
7,5,21474836499,0
7,5,21474836500,0
7,5,21474836501,1
7,5,21474836502,0
7,5,21474836503,0
8,5,21474836480,1
8,5,21474836481,0
8,5,21474836482,0
8,5,21474836483,0
8,5,21474836484,0
8,5,21474836485,0
8,5,21474836486,0
8,5,21474836487,0
8,5,21474836488,0
8,5,21474836489,0
8,5,21474836490,0
8,5,21474836491,0
8,5,21474836492,0
8,5,21474836493,0
8,5,21474836494,0
8,5,21474836495,0
8,5,21474836496,0
8,5,21474836497,0
8,5,21474836498,0
8,5,21474836499,0
8,5,21474836500,0
8,5,21474836501,0
8,5,21474836502,0
8,5,21474836503,0
9,5,21474836480,0
9,5,21474836481,0
9,5,21474836482,0
9,5,21474836483,0
9,5,21474836484,0
9,5,21474836485,0
9,5,21474836486,0
9,5,21474836487,0
9,5,21474836488,0
9,5,21474836489,0
9,5,21474836490,0
9,5,21474836491,0
9,5,21474836492,0
9,5,21474836493,0
9,5,21474836494,0
9,5,21474836495,0
9,5,21474836496,0
9,5,21474836497,0
9,5,21474836498,1
9,5,21474836499,0
9,5,21474836500,0
9,5,21474836501,0
9,5,21474836502,0
9,5,21474836503,0
10,5,21474836480,0
10,5,21474836481,0
10,5,21474836482,0
10,5,21474836483,0
10,5,21474836484,0
10,5,21474836485,0
10,5,21474836486,0
10,5,21474836487,0
10,5,21474836488,0
10,5,21474836489,0
10,5,21474836490,0
10,5,21474836491,0
10,5,21474836492,0
10,5,21474836493,0
10,5,21474836494,0
10,5,21474836495,0
10,5,21474836496,0
10,5,21474836497,0
10,5,21474836498,0
10,5,21474836499,0
10,5,21474836500,0
10,5,21474836501,0
10,5,21474836502,0
10,5,21474836503,0
11,5,21474836480,0
11,5,21474836481,0
11,5,21474836482,0
11,5,21474836483,0
11,5,21474836484,0
11,5,21474836485,0
11,5,21474836486,0
11,5,21474836487,0
11,5,21474836488,0
11,5,21474836489,0
11,5,21474836490,0
11,5,21474836491,0
11,5,21474836492,0
11,5,21474836493,0
11,5,21474836494,0
11,5,21474836495,0
11,5,21474836496,0
11,5,21474836497,0
11,5,21474836498,0
11,5,21474836499,0
11,5,21474836500,0
11,5,21474836501,0
11,5,21474836502,0
11,5,21474836503,0
12,5,21474836480,5
12,5,21474836481,0
12,5,21474836482,56
12,5,21474836483,8
12,5,21474836484,1
12,5,21474836485,2
12,5,21474836486,0
12,5,21474836487,3352
12,5,21474836488,0
12,5,21474836489,2
12,5,21474836490,0
12,5,21474836491,0
12,5,21474836492,6
12,5,21474836493,0
12,5,21474836494,1
12,5,21474836495,15
12,5,21474836496,1
12,5,21474836497,0
12,5,21474836498,0
12,5,21474836499,1
12,5,21474836500,6
12,5,21474836501,12
12,5,21474836502,1
12,5,21474836503,10
13,5,21474836480,1
13,5,21474836481,0
13,5,21474836482,3
13,5,21474836483,1
13,5,21474836484,1
13,5,21474836485,1
13,5,21474836486,0
13,5,21474836487,137
13,5,21474836488,0
13,5,21474836489,1
13,5,21474836490,0
13,5,21474836491,0
13,5,21474836492,0
13,5,21474836493,0
13,5,21474836494,1
13,5,21474836495,1
13,5,21474836496,0
13,5,21474836497,0
13,5,21474836498,1
13,5,21474836499,0
13,5,21474836500,1
13,5,21474836501,0
13,5,21474836502,0
13,5,21474836503,0
14,5,21474836480,734
14,5,21474836481,423
14,5,21474836482,1014
14,5,21474836483,704
14,5,21474836484,4177
14,5,21474836485,3408
14,5,21474836486,314
14,5,21474836487,4856
14,5,21474836488,97
14,5,21474836489,135
14,5,21474836490,103
14,5,21474836491,249
14,5,21474836492,239
14,5,21474836493,199
14,5,21474836494,109
14,5,21474836495,374
14,5,21474836496,379
14,5,21474836497,244
14,5,21474836498,92
14,5,21474836499,300
14,5,21474836500,368
14,5,21474836501,374
14,5,21474836502,75
14,5,21474836503,180
15,5,21474836480,0
15,5,21474836481,0
15,5,21474836482,0
15,5,21474836483,0
15,5,21474836484,0
15,5,21474836485,0
15,5,21474836486,0
15,5,21474836487,0
15,5,21474836488,0
15,5,21474836489,0
15,5,21474836490,0
15,5,21474836491,0
15,5,21474836492,0
15,5,21474836493,0
15,5,21474836494,0
15,5,21474836495,0
15,5,21474836496,0
15,5,21474836497,0
15,5,21474836498,0
15,5,21474836499,0
15,5,21474836500,0
15,5,21474836501,0
15,5,21474836502,0
15,5,21474836503,0
