0,20,85899345920,26
0,20,85899345921,1
0,20,85899345922,5
0,20,85899345923,1
0,20,85899345924,0
0,20,85899345925,1
0,20,85899345926,1
0,20,85899345927,0
0,20,85899345928,1
0,20,85899345929,0
0,20,85899345930,1
0,20,85899345931,0
0,20,85899345932,2
0,20,85899345933,0
0,20,85899345934,2
0,20,85899345935,0
0,20,85899345936,1
0,20,85899345937,1
0,20,85899345938,0
0,20,85899345939,1
0,20,85899345940,0
0,20,85899345941,1
0,20,85899345942,0
0,20,85899345943,1
0,20,85899345944,1
0,20,85899345945,0
0,20,85899345946,1
0,20,85899345947,0
0,20,85899345948,1
0,20,85899345949,352
0,20,85899345950,1
1,20,85899345920,4170
1,20,85899345921,3173
1,20,85899345922,3473
1,20,85899345923,2646
1,20,85899345924,3248
1,20,85899345925,3442
1,20,85899345926,2302
1,20,85899345927,2462
1,20,85899345928,4407
1,20,85899345929,5109
1,20,85899345930,5105
1,20,85899345931,3131
1,20,85899345932,2310
1,20,85899345933,2536
1,20,85899345934,305
1,20,85899345935,2442
1,20,85899345936,2052
1,20,85899345937,2083
1,20,85899345938,2513
1,20,85899345939,4317
1,20,85899345940,1449
1,20,85899345941,2894
1,20,85899345942,2241
1,20,85899345943,2167
1,20,85899345944,2284
1,20,85899345945,2048
1,20,85899345946,1637
1,20,85899345947,1456
1,20,85899345948,945
1,20,85899345949,1231
1,20,85899345950,887
2,20,85899345920,0
2,20,85899345921,0
2,20,85899345922,0
2,20,85899345923,0
2,20,85899345924,0
2,20,85899345925,0
2,20,85899345926,0
2,20,85899345927,0
2,20,85899345928,0
2,20,85899345929,0
2,20,85899345930,0
2,20,85899345931,1
2,20,85899345932,0
2,20,85899345933,0
2,20,85899345934,0
2,20,85899345935,0
2,20,85899345936,0
2,20,85899345937,0
2,20,85899345938,0
2,20,85899345939,0
2,20,85899345940,0
2,20,85899345941,0
2,20,85899345942,1
2,20,85899345943,0
2,20,85899345944,0
2,20,85899345945,0
2,20,85899345946,0
2,20,85899345947,0
2,20,85899345948,0
2,20,85899345949,0
2,20,85899345950,0
3,20,85899345920,0
3,20,85899345921,0
3,20,85899345922,26
3,20,85899345923,0
3,20,85899345924,0
3,20,85899345925,3
3,20,85899345926,0
3,20,85899345927,0
3,20,85899345928,0
3,20,85899345929,0
3,20,85899345930,0
3,20,85899345931,0
3,20,85899345932,0
3,20,85899345933,0
3,20,85899345934,0
3,20,85899345935,0
3,20,85899345936,0
3,20,85899345937,0
3,20,85899345938,0
3,20,85899345939,0
3,20,85899345940,0
3,20,85899345941,0
3,20,85899345942,0
3,20,85899345943,0
3,20,85899345944,0
3,20,85899345945,0
3,20,85899345946,1
3,20,85899345947,1
3,20,85899345948,0
3,20,85899345949,1412574
3,20,85899345950,0
4,20,85899345920,32
4,20,85899345921,0
4,20,85899345922,0
4,20,85899345923,1
4,20,85899345924,0
4,20,85899345925,0
4,20,85899345926,0
4,20,85899345927,0
4,20,85899345928,0
4,20,85899345929,0
4,20,85899345930,1
4,20,85899345931,0
4,20,85899345932,0
4,20,85899345933,0
4,20,85899345934,1
4,20,85899345935,0
4,20,85899345936,0
4,20,85899345937,0
4,20,85899345938,1
4,20,85899345939,0
4,20,85899345940,0
4,20,85899345941,0
4,20,85899345942,0
4,20,85899345943,0
4,20,85899345944,0
4,20,85899345945,0
4,20,85899345946,0
4,20,85899345947,1
4,20,85899345948,0
4,20,85899345949,87481
4,20,85899345950,1
5,20,85899345920,33
5,20,85899345921,0
5,20,85899345922,0
5,20,85899345923,0
5,20,85899345924,0
5,20,85899345925,0
5,20,85899345926,0
5,20,85899345927,0
5,20,85899345928,0
5,20,85899345929,1
5,20,85899345930,0
5,20,85899345931,0
5,20,85899345932,0
5,20,85899345933,0
5,20,85899345934,0
5,20,85899345935,0
5,20,85899345936,0
5,20,85899345937,0
5,20,85899345938,0
5,20,85899345939,0
5,20,85899345940,0
5,20,85899345941,0
5,20,85899345942,0
5,20,85899345943,0
5,20,85899345944,0
5,20,85899345945,0
5,20,85899345946,0
5,20,85899345947,0
5,20,85899345948,0
5,20,85899345949,12506
5,20,85899345950,0
6,20,85899345920,0
6,20,85899345921,0
6,20,85899345922,0
6,20,85899345923,0
6,20,85899345924,0
6,20,85899345925,0
6,20,85899345926,0
6,20,85899345927,0
6,20,85899345928,1
6,20,85899345929,0
6,20,85899345930,0
6,20,85899345931,0
6,20,85899345932,0
6,20,85899345933,0
6,20,85899345934,0
6,20,85899345935,0
6,20,85899345936,0
6,20,85899345937,0
6,20,85899345938,0
6,20,85899345939,0
6,20,85899345940,0
6,20,85899345941,0
6,20,85899345942,0
6,20,85899345943,1
6,20,85899345944,0
6,20,85899345945,0
6,20,85899345946,0
6,20,85899345947,0
6,20,85899345948,0
6,20,85899345949,67
6,20,85899345950,0
7,20,85899345920,0
7,20,85899345921,0
7,20,85899345922,0
7,20,85899345923,0
7,20,85899345924,0
7,20,85899345925,0
7,20,85899345926,0
7,20,85899345927,0
7,20,85899345928,0
7,20,85899345929,0
7,20,85899345930,0
7,20,85899345931,0
7,20,85899345932,0
7,20,85899345933,0
7,20,85899345934,0
7,20,85899345935,0
7,20,85899345936,0
7,20,85899345937,0
7,20,85899345938,0
7,20,85899345939,0
7,20,85899345940,0
7,20,85899345941,0
7,20,85899345942,0
7,20,85899345943,0
7,20,85899345944,0
7,20,85899345945,0
7,20,85899345946,0
7,20,85899345947,0
7,20,85899345948,0
7,20,85899345949,7
7,20,85899345950,0
8,20,85899345920,0
8,20,85899345921,0
8,20,85899345922,0
8,20,85899345923,0
8,20,85899345924,0
8,20,85899345925,0
8,20,85899345926,0
8,20,85899345927,0
8,20,85899345928,0
8,20,85899345929,0
8,20,85899345930,0
8,20,85899345931,0
8,20,85899345932,0
8,20,85899345933,0
8,20,85899345934,0
8,20,85899345935,0
8,20,85899345936,0
8,20,85899345937,0
8,20,85899345938,0
8,20,85899345939,0
8,20,85899345940,0
8,20,85899345941,0
8,20,85899345942,0
8,20,85899345943,0
8,20,85899345944,0
8,20,85899345945,0
8,20,85899345946,0
8,20,85899345947,0
8,20,85899345948,0
8,20,85899345949,1
8,20,85899345950,0
9,20,85899345920,0
9,20,85899345921,0
9,20,85899345922,0
9,20,85899345923,0
9,20,85899345924,0
9,20,85899345925,0
9,20,85899345926,0
9,20,85899345927,0
9,20,85899345928,0
9,20,85899345929,0
9,20,85899345930,0
9,20,85899345931,0
9,20,85899345932,0
9,20,85899345933,0
9,20,85899345934,0
9,20,85899345935,0
9,20,85899345936,0
9,20,85899345937,0
9,20,85899345938,0
9,20,85899345939,0
9,20,85899345940,0
9,20,85899345941,0
9,20,85899345942,0
9,20,85899345943,0
9,20,85899345944,0
9,20,85899345945,0
9,20,85899345946,0
9,20,85899345947,0
9,20,85899345948,0
9,20,85899345949,0
9,20,85899345950,0
10,20,85899345920,0
10,20,85899345921,0
10,20,85899345922,0
10,20,85899345923,0
10,20,85899345924,1
10,20,85899345925,0
10,20,85899345926,0
10,20,85899345927,0
10,20,85899345928,0
10,20,85899345929,0
10,20,85899345930,0
10,20,85899345931,0
10,20,85899345932,0
10,20,85899345933,0
10,20,85899345934,0
10,20,85899345935,0
10,20,85899345936,0
10,20,85899345937,0
10,20,85899345938,0
10,20,85899345939,0
10,20,85899345940,0
10,20,85899345941,0
10,20,85899345942,0
10,20,85899345943,0
10,20,85899345944,0
10,20,85899345945,0
10,20,85899345946,0
10,20,85899345947,0
10,20,85899345948,0
10,20,85899345949,0
10,20,85899345950,0
11,20,85899345920,0
11,20,85899345921,0
11,20,85899345922,0
11,20,85899345923,0
11,20,85899345924,0
11,20,85899345925,0
11,20,85899345926,0
11,20,85899345927,0
11,20,85899345928,0
11,20,85899345929,0
11,20,85899345930,0
11,20,85899345931,0
11,20,85899345932,0
11,20,85899345933,0
11,20,85899345934,0
11,20,85899345935,0
11,20,85899345936,0
11,20,85899345937,0
11,20,85899345938,0
11,20,85899345939,0
11,20,85899345940,0
11,20,85899345941,0
11,20,85899345942,0
11,20,85899345943,0
11,20,85899345944,0
11,20,85899345945,0
11,20,85899345946,0
11,20,85899345947,0
11,20,85899345948,0
11,20,85899345949,0
11,20,85899345950,0
12,20,85899345920,22
12,20,85899345921,0
12,20,85899345922,3
12,20,85899345923,0
12,20,85899345924,0
12,20,85899345925,1
12,20,85899345926,0
12,20,85899345927,0
12,20,85899345928,0
12,20,85899345929,1
12,20,85899345930,0
12,20,85899345931,1
12,20,85899345932,1
12,20,85899345933,0
12,20,85899345934,1
12,20,85899345935,1
12,20,85899345936,0
12,20,85899345937,1
12,20,85899345938,0
12,20,85899345939,0
12,20,85899345940,0
12,20,85899345941,0
12,20,85899345942,0
12,20,85899345943,0
12,20,85899345944,0
12,20,85899345945,0
12,20,85899345946,0
12,20,85899345947,0
12,20,85899345948,1
12,20,85899345949,2727
12,20,85899345950,1
13,20,85899345920,2
13,20,85899345921,0
13,20,85899345922,1
13,20,85899345923,1
13,20,85899345924,1
13,20,85899345925,1
13,20,85899345926,1
13,20,85899345927,0
13,20,85899345928,1
13,20,85899345929,1
13,20,85899345930,1
13,20,85899345931,0
13,20,85899345932,1
13,20,85899345933,1
13,20,85899345934,1
13,20,85899345935,0
13,20,85899345936,1
13,20,85899345937,0
13,20,85899345938,1
13,20,85899345939,0
13,20,85899345940,1
13,20,85899345941,0
13,20,85899345942,0
13,20,85899345943,1
13,20,85899345944,0
13,20,85899345945,0
13,20,85899345946,1
13,20,85899345947,0
13,20,85899345948,1
13,20,85899345949,185
13,20,85899345950,0
14,20,85899345920,932
14,20,85899345921,603
14,20,85899345922,796
14,20,85899345923,387
14,20,85899345924,465
14,20,85899345925,368
14,20,85899345926,323
14,20,85899345927,322
14,20,85899345928,705
14,20,85899345929,334
14,20,85899345930,206
14,20,85899345931,216
14,20,85899345932,299
14,20,85899345933,135
14,20,85899345934,92
14,20,85899345935,326
14,20,85899345936,94
14,20,85899345937,213
14,20,85899345938,243
14,20,85899345939,325
14,20,85899345940,173
14,20,85899345941,192
14,20,85899345942,113
14,20,85899345943,435
14,20,85899345944,109
14,20,85899345945,400
14,20,85899345946,108
14,20,85899345947,236
14,20,85899345948,162
14,20,85899345949,5852
14,20,85899345950,114
15,20,85899345920,0
15,20,85899345921,0
15,20,85899345922,0
15,20,85899345923,0
15,20,85899345924,0
15,20,85899345925,0
15,20,85899345926,0
15,20,85899345927,0
15,20,85899345928,0
15,20,85899345929,0
15,20,85899345930,0
15,20,85899345931,0
15,20,85899345932,0
15,20,85899345933,0
15,20,85899345934,0
15,20,85899345935,0
15,20,85899345936,0
15,20,85899345937,0
15,20,85899345938,0
15,20,85899345939,0
15,20,85899345940,0
15,20,85899345941,0
15,20,85899345942,0
15,20,85899345943,0
15,20,85899345944,0
15,20,85899345945,0
15,20,85899345946,0
15,20,85899345947,0
15,20,85899345948,0
15,20,85899345949,0
15,20,85899345950,0
