0,6,25769803776,2
0,6,25769803777,3
0,6,25769803778,2
0,6,25769803779,1
0,6,25769803780,1
0,6,25769803781,401
0,6,25769803782,1
1,6,25769803776,2992
1,6,25769803777,3540
1,6,25769803778,3090
1,6,25769803779,2988
1,6,25769803780,3453
1,6,25769803781,2968
1,6,25769803782,2923
2,6,25769803776,0
2,6,25769803777,0
2,6,25769803778,1
2,6,25769803779,0
2,6,25769803780,0
2,6,25769803781,859935
2,6,25769803782,0
3,6,25769803776,1
3,6,25769803777,0
3,6,25769803778,0
3,6,25769803779,1
3,6,25769803780,0
3,6,25769803781,39012
3,6,25769803782,0
4,6,25769803776,0
4,6,25769803777,0
4,6,25769803778,0
4,6,25769803779,1
4,6,25769803780,0
4,6,25769803781,1000
4,6,25769803782,0
5,6,25769803776,0
5,6,25769803777,0
5,6,25769803778,0
5,6,25769803779,0
5,6,25769803780,0
5,6,25769803781,65
5,6,25769803782,0
6,6,25769803776,0
6,6,25769803777,0
6,6,25769803778,0
6,6,25769803779,0
6,6,25769803780,0
6,6,25769803781,2
6,6,25769803782,0
7,6,25769803776,0
7,6,25769803777,0
7,6,25769803778,0
7,6,25769803779,0
7,6,25769803780,0
7,6,25769803781,0
7,6,25769803782,0
8,6,25769803776,1
8,6,25769803777,0
8,6,25769803778,0
8,6,25769803779,0
8,6,25769803780,0
8,6,25769803781,0
8,6,25769803782,0
9,6,25769803776,0
9,6,25769803777,0
9,6,25769803778,0
9,6,25769803779,0
9,6,25769803780,0
9,6,25769803781,1
9,6,25769803782,0
10,6,25769803776,0
10,6,25769803777,0
10,6,25769803778,0
10,6,25769803779,0
10,6,25769803780,0
10,6,25769803781,0
10,6,25769803782,0
11,6,25769803776,0
11,6,25769803777,0
11,6,25769803778,0
11,6,25769803779,0
11,6,25769803780,0
11,6,25769803781,0
11,6,25769803782,0
12,6,25769803776,0
12,6,25769803777,1
12,6,25769803778,0
12,6,25769803779,1
12,6,25769803780,0
12,6,25769803781,1791
12,6,25769803782,1
13,6,25769803776,1
13,6,25769803777,1
13,6,25769803778,0
13,6,25769803779,1
13,6,25769803780,0
13,6,25769803781,182
13,6,25769803782,0
14,6,25769803776,959
14,6,25769803777,400
14,6,25769803778,379
14,6,25769803779,326
14,6,25769803780,688
14,6,25769803781,7979
14,6,25769803782,306
15,6,25769803776,0
15,6,25769803777,0
15,6,25769803778,0
15,6,25769803779,0
15,6,25769803780,0
15,6,25769803781,0
15,6,25769803782,0
