0,37,158913789952,11
0,37,158913789953,3
0,37,158913789954,456
0,37,158913789955,1
0,37,158913789956,0
0,37,158913789957,1
0,37,158913789958,0
0,37,158913789959,2
0,37,158913789960,1
0,37,158913789961,4
0,37,158913789962,1
0,37,158913789963,0
0,37,158913789964,1
0,37,158913789965,1
0,37,158913789966,0
0,37,158913789967,1
0,37,158913789968,0
0,37,158913789969,1
0,37,158913789970,0
0,37,158913789971,1
0,37,158913789972,0
0,37,158913789973,0
0,37,158913789974,1
0,37,158913789975,0
0,37,158913789976,6
0,37,158913789977,0
0,37,158913789978,0
0,37,158913789979,3
0,37,158913789980,0
0,37,158913789981,1
0,37,158913789982,0
0,37,158913789983,1
0,37,158913789984,0
1,37,158913789952,4342
1,37,158913789953,3432
1,37,158913789954,2185
1,37,158913789955,3031
1,37,158913789956,2529
1,37,158913789957,3241
1,37,158913789958,2779
1,37,158913789959,2354
1,37,158913789960,4499
1,37,158913789961,1884
1,37,158913789962,4037
1,37,158913789963,4186
1,37,158913789964,2185
1,37,158913789965,2494
1,37,158913789966,2203
1,37,158913789967,2193
1,37,158913789968,1105
1,37,158913789969,2118
1,37,158913789970,2018
1,37,158913789971,1902
1,37,158913789972,2681
1,37,158913789973,4335
1,37,158913789974,2719
1,37,158913789975,1667
1,37,158913789976,1254
1,37,158913789977,2182
1,37,158913789978,2275
1,37,158913789979,1824
1,37,158913789980,2055
1,37,158913789981,1364
1,37,158913789982,1029
1,37,158913789983,1297
1,37,158913789984,779
2,37,158913789952,0
2,37,158913789953,0
2,37,158913789954,0
2,37,158913789955,0
2,37,158913789956,0
2,37,158913789957,0
2,37,158913789958,0
2,37,158913789959,0
2,37,158913789960,0
2,37,158913789961,0
2,37,158913789962,0
2,37,158913789963,0
2,37,158913789964,0
2,37,158913789965,0
2,37,158913789966,0
2,37,158913789967,0
2,37,158913789968,0
2,37,158913789969,0
2,37,158913789970,0
2,37,158913789971,0
2,37,158913789972,0
2,37,158913789973,0
2,37,158913789974,0
2,37,158913789975,0
2,37,158913789976,0
2,37,158913789977,0
2,37,158913789978,0
2,37,158913789979,0
2,37,158913789980,0
2,37,158913789981,0
2,37,158913789982,0
2,37,158913789983,0
2,37,158913789984,0
3,37,158913789952,0
3,37,158913789953,11
3,37,158913789954,1895720
3,37,158913789955,0
3,37,158913789956,0
3,37,158913789957,0
3,37,158913789958,0
3,37,158913789959,0
3,37,158913789960,3
3,37,158913789961,0
3,37,158913789962,0
3,37,158913789963,0
3,37,158913789964,0
3,37,158913789965,1
3,37,158913789966,0
3,37,158913789967,0
3,37,158913789968,0
3,37,158913789969,0
3,37,158913789970,0
3,37,158913789971,0
3,37,158913789972,0
3,37,158913789973,0
3,37,158913789974,0
3,37,158913789975,0
3,37,158913789976,0
3,37,158913789977,0
3,37,158913789978,0
3,37,158913789979,13
3,37,158913789980,0
3,37,158913789981,0
3,37,158913789982,0
3,37,158913789983,0
3,37,158913789984,0
4,37,158913789952,3
4,37,158913789953,0
4,37,158913789954,216394
4,37,158913789955,0
4,37,158913789956,0
4,37,158913789957,0
4,37,158913789958,1
4,37,158913789959,3
4,37,158913789960,0
4,37,158913789961,20
4,37,158913789962,2
4,37,158913789963,0
4,37,158913789964,3
4,37,158913789965,1
4,37,158913789966,1
4,37,158913789967,0
4,37,158913789968,0
4,37,158913789969,0
4,37,158913789970,0
4,37,158913789971,1
4,37,158913789972,0
4,37,158913789973,0
4,37,158913789974,0
4,37,158913789975,0
4,37,158913789976,70
4,37,158913789977,0
4,37,158913789978,1
4,37,158913789979,0
4,37,158913789980,0
4,37,158913789981,0
4,37,158913789982,0
4,37,158913789983,0
4,37,158913789984,1
5,37,158913789952,3
5,37,158913789953,1
5,37,158913789954,7434
5,37,158913789955,0
5,37,158913789956,0
5,37,158913789957,0
5,37,158913789958,0
5,37,158913789959,0
5,37,158913789960,0
5,37,158913789961,0
5,37,158913789962,2
5,37,158913789963,0
5,37,158913789964,0
5,37,158913789965,0
5,37,158913789966,0
5,37,158913789967,0
5,37,158913789968,1
5,37,158913789969,0
5,37,158913789970,0
5,37,158913789971,0
5,37,158913789972,0
5,37,158913789973,0
5,37,158913789974,0
5,37,158913789975,0
5,37,158913789976,0
5,37,158913789977,0
5,37,158913789978,0
5,37,158913789979,0
5,37,158913789980,0
5,37,158913789981,0
5,37,158913789982,0
5,37,158913789983,0
5,37,158913789984,0
6,37,158913789952,0
6,37,158913789953,0
6,37,158913789954,107
6,37,158913789955,0
6,37,158913789956,0
6,37,158913789957,1
6,37,158913789958,0
6,37,158913789959,0
6,37,158913789960,0
6,37,158913789961,0
6,37,158913789962,0
6,37,158913789963,0
6,37,158913789964,0
6,37,158913789965,0
6,37,158913789966,2
6,37,158913789967,0
6,37,158913789968,0
6,37,158913789969,0
6,37,158913789970,0
6,37,158913789971,0
6,37,158913789972,0
6,37,158913789973,0
6,37,158913789974,0
6,37,158913789975,0
6,37,158913789976,0
6,37,158913789977,0
6,37,158913789978,0
6,37,158913789979,0
6,37,158913789980,0
6,37,158913789981,0
6,37,158913789982,0
6,37,158913789983,0
6,37,158913789984,1
7,37,158913789952,0
7,37,158913789953,0
7,37,158913789954,2
7,37,158913789955,0
7,37,158913789956,0
7,37,158913789957,0
7,37,158913789958,0
7,37,158913789959,0
7,37,158913789960,3
7,37,158913789961,0
7,37,158913789962,0
7,37,158913789963,0
7,37,158913789964,0
7,37,158913789965,0
7,37,158913789966,0
7,37,158913789967,0
7,37,158913789968,0
7,37,158913789969,0
7,37,158913789970,0
7,37,158913789971,0
7,37,158913789972,0
7,37,158913789973,0
7,37,158913789974,0
7,37,158913789975,0
7,37,158913789976,0
7,37,158913789977,0
7,37,158913789978,0
7,37,158913789979,0
7,37,158913789980,0
7,37,158913789981,0
7,37,158913789982,0
7,37,158913789983,0
7,37,158913789984,0
8,37,158913789952,0
8,37,158913789953,0
8,37,158913789954,1
8,37,158913789955,0
8,37,158913789956,0
8,37,158913789957,0
8,37,158913789958,0
8,37,158913789959,0
8,37,158913789960,0
8,37,158913789961,0
8,37,158913789962,0
8,37,158913789963,0
8,37,158913789964,0
8,37,158913789965,0
8,37,158913789966,0
8,37,158913789967,0
8,37,158913789968,0
8,37,158913789969,0
8,37,158913789970,0
8,37,158913789971,0
8,37,158913789972,0
8,37,158913789973,0
8,37,158913789974,0
8,37,158913789975,0
8,37,158913789976,0
8,37,158913789977,0
8,37,158913789978,0
8,37,158913789979,0
8,37,158913789980,0
8,37,158913789981,0
8,37,158913789982,1
8,37,158913789983,0
8,37,158913789984,0
9,37,158913789952,0
9,37,158913789953,0
9,37,158913789954,0
9,37,158913789955,0
9,37,158913789956,0
9,37,158913789957,0
9,37,158913789958,0
9,37,158913789959,0
9,37,158913789960,0
9,37,158913789961,0
9,37,158913789962,0
9,37,158913789963,0
9,37,158913789964,0
9,37,158913789965,0
9,37,158913789966,0
9,37,158913789967,0
9,37,158913789968,0
9,37,158913789969,0
9,37,158913789970,0
9,37,158913789971,0
9,37,158913789972,0
9,37,158913789973,0
9,37,158913789974,0
9,37,158913789975,0
9,37,158913789976,0
9,37,158913789977,0
9,37,158913789978,0
9,37,158913789979,0
9,37,158913789980,0
9,37,158913789981,0
9,37,158913789982,0
9,37,158913789983,0
9,37,158913789984,0
10,37,158913789952,0
10,37,158913789953,0
10,37,158913789954,0
10,37,158913789955,0
10,37,158913789956,0
10,37,158913789957,0
10,37,158913789958,0
10,37,158913789959,0
10,37,158913789960,0
10,37,158913789961,0
10,37,158913789962,0
10,37,158913789963,0
10,37,158913789964,0
10,37,158913789965,0
10,37,158913789966,0
10,37,158913789967,0
10,37,158913789968,0
10,37,158913789969,0
10,37,158913789970,0
10,37,158913789971,0
10,37,158913789972,0
10,37,158913789973,0
10,37,158913789974,0
10,37,158913789975,0
10,37,158913789976,0
10,37,158913789977,0
10,37,158913789978,0
10,37,158913789979,0
10,37,158913789980,0
10,37,158913789981,0
10,37,158913789982,0
10,37,158913789983,0
10,37,158913789984,0
11,37,158913789952,0
11,37,158913789953,0
11,37,158913789954,0
11,37,158913789955,0
11,37,158913789956,0
11,37,158913789957,0
11,37,158913789958,0
11,37,158913789959,0
11,37,158913789960,0
11,37,158913789961,0
11,37,158913789962,0
11,37,158913789963,0
11,37,158913789964,0
11,37,158913789965,0
11,37,158913789966,0
11,37,158913789967,0
11,37,158913789968,0
11,37,158913789969,0
11,37,158913789970,0
11,37,158913789971,0
11,37,158913789972,0
11,37,158913789973,0
11,37,158913789974,0
11,37,158913789975,0
11,37,158913789976,0
11,37,158913789977,0
11,37,158913789978,0
11,37,158913789979,0
11,37,158913789980,0
11,37,158913789981,0
11,37,158913789982,0
11,37,158913789983,0
11,37,158913789984,0
12,37,158913789952,22
12,37,158913789953,1
12,37,158913789954,3331
12,37,158913789955,1
12,37,158913789956,0
12,37,158913789957,0
12,37,158913789958,0
12,37,158913789959,1
12,37,158913789960,1
12,37,158913789961,4
12,37,158913789962,1
12,37,158913789963,0
12,37,158913789964,2
12,37,158913789965,1
12,37,158913789966,0
12,37,158913789967,0
12,37,158913789968,1
12,37,158913789969,0
12,37,158913789970,0
12,37,158913789971,0
12,37,158913789972,0
12,37,158913789973,0
12,37,158913789974,1
12,37,158913789975,0
12,37,158913789976,31
12,37,158913789977,0
12,37,158913789978,0
12,37,158913789979,1
12,37,158913789980,0
12,37,158913789981,0
12,37,158913789982,0
12,37,158913789983,0
12,37,158913789984,0
13,37,158913789952,1
13,37,158913789953,1
13,37,158913789954,305
13,37,158913789955,1
13,37,158913789956,0
13,37,158913789957,0
13,37,158913789958,1
13,37,158913789959,0
13,37,158913789960,0
13,37,158913789961,1
13,37,158913789962,0
13,37,158913789963,1
13,37,158913789964,0
13,37,158913789965,0
13,37,158913789966,0
13,37,158913789967,1
13,37,158913789968,0
13,37,158913789969,0
13,37,158913789970,0
13,37,158913789971,1
13,37,158913789972,0
13,37,158913789973,0
13,37,158913789974,0
13,37,158913789975,0
13,37,158913789976,1
13,37,158913789977,0
13,37,158913789978,0
13,37,158913789979,1
13,37,158913789980,0
13,37,158913789981,0
13,37,158913789982,1
13,37,158913789983,0
13,37,158913789984,0
14,37,158913789952,410
14,37,158913789953,271
14,37,158913789954,4187
14,37,158913789955,203
14,37,158913789956,240
14,37,158913789957,104
14,37,158913789958,120
14,37,158913789959,182
14,37,158913789960,91
14,37,158913789961,193
14,37,158913789962,85
14,37,158913789963,93
14,37,158913789964,101
14,37,158913789965,419
14,37,158913789966,213
14,37,158913789967,130
14,37,158913789968,91
14,37,158913789969,94
14,37,158913789970,191
14,37,158913789971,455
14,37,158913789972,109
14,37,158913789973,211
14,37,158913789974,95
14,37,158913789975,94
14,37,158913789976,200
14,37,158913789977,95
14,37,158913789978,110
14,37,158913789979,101
14,37,158913789980,110
14,37,158913789981,104
14,37,158913789982,271
14,37,158913789983,275
14,37,158913789984,231
15,37,158913789952,0
15,37,158913789953,0
15,37,158913789954,0
15,37,158913789955,0
15,37,158913789956,0
15,37,158913789957,0
15,37,158913789958,0
15,37,158913789959,0
15,37,158913789960,0
15,37,158913789961,0
15,37,158913789962,0
15,37,158913789963,0
15,37,158913789964,0
15,37,158913789965,0
15,37,158913789966,0
15,37,158913789967,0
15,37,158913789968,0
15,37,158913789969,0
15,37,158913789970,0
15,37,158913789971,0
15,37,158913789972,0
15,37,158913789973,0
15,37,158913789974,0
15,37,158913789975,0
15,37,158913789976,0
15,37,158913789977,0
15,37,158913789978,0
15,37,158913789979,0
15,37,158913789980,0
15,37,158913789981,0
15,37,158913789982,0
15,37,158913789983,0
15,37,158913789984,0
