0,33,141733920768,3
0,33,141733920769,2
0,33,141733920770,1
0,33,141733920771,1
0,33,141733920772,3
0,33,141733920773,1
0,33,141733920774,1
0,33,141733920775,0
0,33,141733920776,1
0,33,141733920777,1
0,33,141733920778,2
0,33,141733920779,0
0,33,141733920780,1
0,33,141733920781,1
0,33,141733920782,1
0,33,141733920783,1
0,33,141733920784,0
0,33,141733920785,1
0,33,141733920786,2
0,33,141733920787,0
0,33,141733920788,1
0,33,141733920789,0
0,33,141733920790,2
0,33,141733920791,0
0,33,141733920792,1
0,33,141733920793,0
0,33,141733920794,1
0,33,141733920795,1
0,33,141733920796,4
0,33,141733920797,1
0,33,141733920798,1
0,33,141733920799,19163
1,33,141733920768,3013
1,33,141733920769,3513
1,33,141733920770,3282
1,33,141733920771,2971
1,33,141733920772,3391
1,33,141733920773,3533
1,33,141733920774,3115
1,33,141733920775,2444
1,33,141733920776,4139
1,33,141733920777,2101
1,33,141733920778,4371
1,33,141733920779,4529
1,33,141733920780,2577
1,33,141733920781,2294
1,33,141733920782,2209
1,33,141733920783,2152
1,33,141733920784,2127
1,33,141733920785,2335
1,33,141733920786,2104
1,33,141733920787,4292
1,33,141733920788,1801
1,33,141733920789,2777
1,33,141733920790,1123
1,33,141733920791,2558
1,33,141733920792,1415
1,33,141733920793,9
1,33,141733920794,10
1,33,141733920795,9
1,33,141733920796,8
1,33,141733920797,9
1,33,141733920798,9
1,33,141733920799,8
2,33,141733920768,0
2,33,141733920769,0
2,33,141733920770,1
2,33,141733920771,0
2,33,141733920772,0
2,33,141733920773,0
2,33,141733920774,0
2,33,141733920775,0
2,33,141733920776,0
2,33,141733920777,0
2,33,141733920778,0
2,33,141733920779,1
2,33,141733920780,0
2,33,141733920781,0
2,33,141733920782,0
2,33,141733920783,0
2,33,141733920784,0
2,33,141733920785,0
2,33,141733920786,0
2,33,141733920787,0
2,33,141733920788,0
2,33,141733920789,0
2,33,141733920790,0
2,33,141733920791,0
2,33,141733920792,0
2,33,141733920793,0
2,33,141733920794,0
2,33,141733920795,0
2,33,141733920796,0
2,33,141733920797,0
2,33,141733920798,1
2,33,141733920799,0
3,33,141733920768,0
3,33,141733920769,1
3,33,141733920770,0
3,33,141733920771,0
3,33,141733920772,0
3,33,141733920773,0
3,33,141733920774,1
3,33,141733920775,0
3,33,141733920776,0
3,33,141733920777,0
3,33,141733920778,0
3,33,141733920779,0
3,33,141733920780,4
3,33,141733920781,0
3,33,141733920782,4
3,33,141733920783,0
3,33,141733920784,0
3,33,141733920785,0
3,33,141733920786,8
3,33,141733920787,0
3,33,141733920788,0
3,33,141733920789,0
3,33,141733920790,0
3,33,141733920791,0
3,33,141733920792,0
3,33,141733920793,1
3,33,141733920794,0
3,33,141733920795,0
3,33,141733920796,0
3,33,141733920797,0
3,33,141733920798,0
3,33,141733920799,1966488
4,33,141733920768,1
4,33,141733920769,1
4,33,141733920770,0
4,33,141733920771,2
4,33,141733920772,2
4,33,141733920773,1
4,33,141733920774,0
4,33,141733920775,0
4,33,141733920776,1
4,33,141733920777,0
4,33,141733920778,1
4,33,141733920779,1
4,33,141733920780,0
4,33,141733920781,0
4,33,141733920782,0
4,33,141733920783,1
4,33,141733920784,0
4,33,141733920785,0
4,33,141733920786,1
4,33,141733920787,1
4,33,141733920788,0
4,33,141733920789,0
4,33,141733920790,1
4,33,141733920791,0
4,33,141733920792,0
4,33,141733920793,0
4,33,141733920794,1
4,33,141733920795,0
4,33,141733920796,3
4,33,141733920797,1
4,33,141733920798,0
4,33,141733920799,34066
5,33,141733920768,0
5,33,141733920769,1
5,33,141733920770,0
5,33,141733920771,0
5,33,141733920772,0
5,33,141733920773,0
5,33,141733920774,0
5,33,141733920775,0
5,33,141733920776,0
5,33,141733920777,0
5,33,141733920778,0
5,33,141733920779,0
5,33,141733920780,0
5,33,141733920781,0
5,33,141733920782,0
5,33,141733920783,0
5,33,141733920784,0
5,33,141733920785,0
5,33,141733920786,0
5,33,141733920787,0
5,33,141733920788,0
5,33,141733920789,0
5,33,141733920790,0
5,33,141733920791,0
5,33,141733920792,0
5,33,141733920793,0
5,33,141733920794,0
5,33,141733920795,0
5,33,141733920796,0
5,33,141733920797,0
5,33,141733920798,0
5,33,141733920799,838
6,33,141733920768,1
6,33,141733920769,0
6,33,141733920770,0
6,33,141733920771,0
6,33,141733920772,0
6,33,141733920773,0
6,33,141733920774,0
6,33,141733920775,0
6,33,141733920776,0
6,33,141733920777,1
6,33,141733920778,0
6,33,141733920779,0
6,33,141733920780,0
6,33,141733920781,0
6,33,141733920782,0
6,33,141733920783,0
6,33,141733920784,0
6,33,141733920785,0
6,33,141733920786,0
6,33,141733920787,0
6,33,141733920788,1
6,33,141733920789,0
6,33,141733920790,0
6,33,141733920791,0
6,33,141733920792,0
6,33,141733920793,0
6,33,141733920794,0
6,33,141733920795,0
6,33,141733920796,0
6,33,141733920797,0
6,33,141733920798,1
6,33,141733920799,30
7,33,141733920768,0
7,33,141733920769,0
7,33,141733920770,0
7,33,141733920771,0
7,33,141733920772,0
7,33,141733920773,0
7,33,141733920774,0
7,33,141733920775,0
7,33,141733920776,1
7,33,141733920777,0
7,33,141733920778,0
7,33,141733920779,0
7,33,141733920780,0
7,33,141733920781,0
7,33,141733920782,0
7,33,141733920783,0
7,33,141733920784,0
7,33,141733920785,0
7,33,141733920786,0
7,33,141733920787,0
7,33,141733920788,0
7,33,141733920789,0
7,33,141733920790,0
7,33,141733920791,0
7,33,141733920792,0
7,33,141733920793,0
7,33,141733920794,0
7,33,141733920795,0
7,33,141733920796,0
7,33,141733920797,0
7,33,141733920798,1
7,33,141733920799,2
8,33,141733920768,0
8,33,141733920769,0
8,33,141733920770,0
8,33,141733920771,0
8,33,141733920772,0
8,33,141733920773,0
8,33,141733920774,0
8,33,141733920775,0
8,33,141733920776,0
8,33,141733920777,0
8,33,141733920778,0
8,33,141733920779,0
8,33,141733920780,0
8,33,141733920781,0
8,33,141733920782,0
8,33,141733920783,1
8,33,141733920784,0
8,33,141733920785,0
8,33,141733920786,0
8,33,141733920787,0
8,33,141733920788,0
8,33,141733920789,0
8,33,141733920790,0
8,33,141733920791,0
8,33,141733920792,0
8,33,141733920793,0
8,33,141733920794,1
8,33,141733920795,0
8,33,141733920796,0
8,33,141733920797,0
8,33,141733920798,0
8,33,141733920799,0
9,33,141733920768,0
9,33,141733920769,0
9,33,141733920770,0
9,33,141733920771,0
9,33,141733920772,0
9,33,141733920773,0
9,33,141733920774,1
9,33,141733920775,0
9,33,141733920776,0
9,33,141733920777,0
9,33,141733920778,0
9,33,141733920779,0
9,33,141733920780,0
9,33,141733920781,0
9,33,141733920782,0
9,33,141733920783,0
9,33,141733920784,0
9,33,141733920785,0
9,33,141733920786,1
9,33,141733920787,0
9,33,141733920788,0
9,33,141733920789,0
9,33,141733920790,0
9,33,141733920791,0
9,33,141733920792,0
9,33,141733920793,0
9,33,141733920794,0
9,33,141733920795,0
9,33,141733920796,0
9,33,141733920797,0
9,33,141733920798,0
9,33,141733920799,0
10,33,141733920768,0
10,33,141733920769,0
10,33,141733920770,0
10,33,141733920771,0
10,33,141733920772,0
10,33,141733920773,0
10,33,141733920774,0
10,33,141733920775,0
10,33,141733920776,0
10,33,141733920777,0
10,33,141733920778,0
10,33,141733920779,0
10,33,141733920780,0
10,33,141733920781,0
10,33,141733920782,0
10,33,141733920783,1
10,33,141733920784,0
10,33,141733920785,0
10,33,141733920786,0
10,33,141733920787,0
10,33,141733920788,0
10,33,141733920789,0
10,33,141733920790,0
10,33,141733920791,0
10,33,141733920792,0
10,33,141733920793,0
10,33,141733920794,0
10,33,141733920795,0
10,33,141733920796,0
10,33,141733920797,0
10,33,141733920798,0
10,33,141733920799,0
11,33,141733920768,0
11,33,141733920769,0
11,33,141733920770,0
11,33,141733920771,0
11,33,141733920772,0
11,33,141733920773,0
11,33,141733920774,0
11,33,141733920775,0
11,33,141733920776,0
11,33,141733920777,0
11,33,141733920778,0
11,33,141733920779,0
11,33,141733920780,0
11,33,141733920781,0
11,33,141733920782,0
11,33,141733920783,0
11,33,141733920784,0
11,33,141733920785,0
11,33,141733920786,0
11,33,141733920787,0
11,33,141733920788,0
11,33,141733920789,0
11,33,141733920790,0
11,33,141733920791,0
11,33,141733920792,0
11,33,141733920793,0
11,33,141733920794,0
11,33,141733920795,0
11,33,141733920796,0
11,33,141733920797,0
11,33,141733920798,0
11,33,141733920799,0
12,33,141733920768,1
12,33,141733920769,0
12,33,141733920770,1
12,33,141733920771,0
12,33,141733920772,14
12,33,141733920773,0
12,33,141733920774,0
12,33,141733920775,0
12,33,141733920776,1
12,33,141733920777,0
12,33,141733920778,1
12,33,141733920779,0
12,33,141733920780,0
12,33,141733920781,0
12,33,141733920782,0
12,33,141733920783,1
12,33,141733920784,1
12,33,141733920785,0
12,33,141733920786,1
12,33,141733920787,0
12,33,141733920788,1
12,33,141733920789,0
12,33,141733920790,0
12,33,141733920791,0
12,33,141733920792,0
12,33,141733920793,1
12,33,141733920794,0
12,33,141733920795,0
12,33,141733920796,11
12,33,141733920797,1
12,33,141733920798,0
12,33,141733920799,5110
13,33,141733920768,1
13,33,141733920769,2
13,33,141733920770,1
13,33,141733920771,1
13,33,141733920772,1
13,33,141733920773,1
13,33,141733920774,1
13,33,141733920775,1
13,33,141733920776,1
13,33,141733920777,1
13,33,141733920778,1
13,33,141733920779,0
13,33,141733920780,0
13,33,141733920781,1
13,33,141733920782,0
13,33,141733920783,1
13,33,141733920784,0
13,33,141733920785,1
13,33,141733920786,0
13,33,141733920787,1
13,33,141733920788,0
13,33,141733920789,0
13,33,141733920790,1
13,33,141733920791,0
13,33,141733920792,1
13,33,141733920793,0
13,33,141733920794,1
13,33,141733920795,0
13,33,141733920796,1
13,33,141733920797,0
13,33,141733920798,1
13,33,141733920799,222
14,33,141733920768,841
14,33,141733920769,516
14,33,141733920770,385
14,33,141733920771,325
14,33,141733920772,683
14,33,141733920773,392
14,33,141733920774,366
14,33,141733920775,252
14,33,141733920776,451
14,33,141733920777,370
14,33,141733920778,246
14,33,141733920779,156
14,33,141733920780,228
14,33,141733920781,5832
14,33,141733920782,1116
14,33,141733920783,280
14,33,141733920784,320
14,33,141733920785,318
14,33,141733920786,341
14,33,141733920787,189
14,33,141733920788,186
14,33,141733920789,179
14,33,141733920790,193
14,33,141733920791,101
14,33,141733920792,242
14,33,141733920793,302
14,33,141733920794,136
14,33,141733920795,152
14,33,141733920796,107
14,33,141733920797,80
14,33,141733920798,300
14,33,141733920799,5193
15,33,141733920768,0
15,33,141733920769,0
15,33,141733920770,0
15,33,141733920771,0
15,33,141733920772,0
15,33,141733920773,0
15,33,141733920774,0
15,33,141733920775,0
15,33,141733920776,0
15,33,141733920777,0
15,33,141733920778,0
15,33,141733920779,0
15,33,141733920780,0
15,33,141733920781,0
15,33,141733920782,0
15,33,141733920783,0
15,33,141733920784,0
15,33,141733920785,0
15,33,141733920786,0
15,33,141733920787,0
15,33,141733920788,0
15,33,141733920789,0
15,33,141733920790,0
15,33,141733920791,0
15,33,141733920792,0
15,33,141733920793,0
15,33,141733920794,0
15,33,141733920795,0
15,33,141733920796,0
15,33,141733920797,0
15,33,141733920798,0
15,33,141733920799,0
