0,8,34359738368,1
0,8,34359738369,1
0,8,34359738370,0
0,8,34359738371,1
0,8,34359738372,0
0,8,34359738373,0
0,8,34359738374,1
0,8,34359738375,1
0,8,34359738376,0
0,8,34359738377,2
0,8,34359738378,1
0,8,34359738379,1
0,8,34359738380,6
0,8,34359738381,6
0,8,34359738382,2
0,8,34359738383,0
0,8,34359738384,1
0,8,34359738385,1
0,8,34359738386,2
0,8,34359738387,2
0,8,34359738388,5
0,8,34359738389,2
0,8,34359738390,3
0,8,34359738391,0
0,8,34359738392,2
0,8,34359738393,1
0,8,34359738394,1
0,8,34359738395,0
0,8,34359738396,0
0,8,34359738397,1
0,8,34359738398,0
0,8,34359738399,3
0,8,34359738400,0
0,8,34359738401,0
0,8,34359738402,0
0,8,34359738403,1
0,8,34359738404,0
0,8,34359738405,311
1,8,34359738368,3351
1,8,34359738369,3674
1,8,34359738370,3148
1,8,34359738371,2887
1,8,34359738372,3308
1,8,34359738373,3140
1,8,34359738374,2988
1,8,34359738375,2194
1,8,34359738376,2854
1,8,34359738377,3152
1,8,34359738378,3961
1,8,34359738379,4889
1,8,34359738380,2444
1,8,34359738381,1482
1,8,34359738382,2821
1,8,34359738383,2227
1,8,34359738384,653
1,8,34359738385,9
1,8,34359738386,9
1,8,34359738387,9
1,8,34359738388,9
1,8,34359738389,8
1,8,34359738390,9
1,8,34359738391,9
1,8,34359738392,9
1,8,34359738393,9
1,8,34359738394,9
1,8,34359738395,9
1,8,34359738396,9
1,8,34359738397,8
1,8,34359738398,9
1,8,34359738399,9
1,8,34359738400,9
1,8,34359738401,8
1,8,34359738402,9
1,8,34359738403,9
1,8,34359738404,9
1,8,34359738405,9
2,8,34359738368,0
2,8,34359738369,0
2,8,34359738370,0
2,8,34359738371,0
2,8,34359738372,0
2,8,34359738373,0
2,8,34359738374,1
2,8,34359738375,0
2,8,34359738376,0
2,8,34359738377,0
2,8,34359738378,0
2,8,34359738379,0
2,8,34359738380,0
2,8,34359738381,0
2,8,34359738382,0
2,8,34359738383,0
2,8,34359738384,0
2,8,34359738385,0
2,8,34359738386,0
2,8,34359738387,0
2,8,34359738388,0
2,8,34359738389,0
2,8,34359738390,0
2,8,34359738391,0
2,8,34359738392,0
2,8,34359738393,0
2,8,34359738394,0
2,8,34359738395,0
2,8,34359738396,0
2,8,34359738397,0
2,8,34359738398,0
2,8,34359738399,0
2,8,34359738400,0
2,8,34359738401,0
2,8,34359738402,0
2,8,34359738403,0
2,8,34359738404,0
2,8,34359738405,0
3,8,34359738368,0
3,8,34359738369,0
3,8,34359738370,0
3,8,34359738371,0
3,8,34359738372,0
3,8,34359738373,0
3,8,34359738374,0
3,8,34359738375,0
3,8,34359738376,0
3,8,34359738377,25
3,8,34359738378,0
3,8,34359738379,0
3,8,34359738380,18
3,8,34359738381,0
3,8,34359738382,0
3,8,34359738383,0
3,8,34359738384,3
3,8,34359738385,0
3,8,34359738386,6
3,8,34359738387,0
3,8,34359738388,92
3,8,34359738389,0
3,8,34359738390,0
3,8,34359738391,2
3,8,34359738392,0
3,8,34359738393,0
3,8,34359738394,1
3,8,34359738395,0
3,8,34359738396,0
3,8,34359738397,0
3,8,34359738398,1
3,8,34359738399,9
3,8,34359738400,0
3,8,34359738401,0
3,8,34359738402,0
3,8,34359738403,0
3,8,34359738404,0
3,8,34359738405,1378080
4,8,34359738368,0
4,8,34359738369,0
4,8,34359738370,0
4,8,34359738371,0
4,8,34359738372,0
4,8,34359738373,0
4,8,34359738374,1
4,8,34359738375,0
4,8,34359738376,0
4,8,34359738377,0
4,8,34359738378,0
4,8,34359738379,1
4,8,34359738380,4
4,8,34359738381,2
4,8,34359738382,0
4,8,34359738383,1
4,8,34359738384,0
4,8,34359738385,0
4,8,34359738386,0
4,8,34359738387,1
4,8,34359738388,0
4,8,34359738389,1
4,8,34359738390,0
4,8,34359738391,0
4,8,34359738392,4
4,8,34359738393,0
4,8,34359738394,0
4,8,34359738395,0
4,8,34359738396,0
4,8,34359738397,1
4,8,34359738398,0
4,8,34359738399,8
4,8,34359738400,0
4,8,34359738401,0
4,8,34359738402,0
4,8,34359738403,1
4,8,34359738404,2
4,8,34359738405,250940
5,8,34359738368,0
5,8,34359738369,0
5,8,34359738370,0
5,8,34359738371,0
5,8,34359738372,0
5,8,34359738373,0
5,8,34359738374,0
5,8,34359738375,0
5,8,34359738376,0
5,8,34359738377,0
5,8,34359738378,1
5,8,34359738379,0
5,8,34359738380,0
5,8,34359738381,2
5,8,34359738382,0
5,8,34359738383,0
5,8,34359738384,0
5,8,34359738385,0
5,8,34359738386,0
5,8,34359738387,0
5,8,34359738388,0
5,8,34359738389,1
5,8,34359738390,0
5,8,34359738391,0
5,8,34359738392,0
5,8,34359738393,0
5,8,34359738394,0
5,8,34359738395,0
5,8,34359738396,0
5,8,34359738397,0
5,8,34359738398,0
5,8,34359738399,0
5,8,34359738400,1
5,8,34359738401,0
5,8,34359738402,0
5,8,34359738403,0
5,8,34359738404,0
5,8,34359738405,1224
6,8,34359738368,0
6,8,34359738369,1
6,8,34359738370,0
6,8,34359738371,0
6,8,34359738372,0
6,8,34359738373,0
6,8,34359738374,0
6,8,34359738375,0
6,8,34359738376,0
6,8,34359738377,0
6,8,34359738378,0
6,8,34359738379,0
6,8,34359738380,0
6,8,34359738381,0
6,8,34359738382,0
6,8,34359738383,0
6,8,34359738384,0
6,8,34359738385,0
6,8,34359738386,0
6,8,34359738387,0
6,8,34359738388,0
6,8,34359738389,0
6,8,34359738390,0
6,8,34359738391,0
6,8,34359738392,0
6,8,34359738393,0
6,8,34359738394,0
6,8,34359738395,0
6,8,34359738396,0
6,8,34359738397,0
6,8,34359738398,0
6,8,34359738399,0
6,8,34359738400,0
6,8,34359738401,0
6,8,34359738402,0
6,8,34359738403,0
6,8,34359738404,0
6,8,34359738405,148
7,8,34359738368,0
7,8,34359738369,0
7,8,34359738370,0
7,8,34359738371,0
7,8,34359738372,0
7,8,34359738373,0
7,8,34359738374,0
7,8,34359738375,0
7,8,34359738376,0
7,8,34359738377,0
7,8,34359738378,0
7,8,34359738379,0
7,8,34359738380,0
7,8,34359738381,0
7,8,34359738382,0
7,8,34359738383,0
7,8,34359738384,0
7,8,34359738385,0
7,8,34359738386,0
7,8,34359738387,0
7,8,34359738388,0
7,8,34359738389,0
7,8,34359738390,0
7,8,34359738391,0
7,8,34359738392,0
7,8,34359738393,0
7,8,34359738394,0
7,8,34359738395,0
7,8,34359738396,0
7,8,34359738397,0
7,8,34359738398,0
7,8,34359738399,0
7,8,34359738400,0
7,8,34359738401,0
7,8,34359738402,0
7,8,34359738403,0
7,8,34359738404,0
7,8,34359738405,4
8,8,34359738368,0
8,8,34359738369,0
8,8,34359738370,0
8,8,34359738371,0
8,8,34359738372,0
8,8,34359738373,0
8,8,34359738374,0
8,8,34359738375,0
8,8,34359738376,0
8,8,34359738377,0
8,8,34359738378,0
8,8,34359738379,0
8,8,34359738380,0
8,8,34359738381,0
8,8,34359738382,0
8,8,34359738383,0
8,8,34359738384,0
8,8,34359738385,0
8,8,34359738386,0
8,8,34359738387,0
8,8,34359738388,0
8,8,34359738389,0
8,8,34359738390,0
8,8,34359738391,0
8,8,34359738392,0
8,8,34359738393,0
8,8,34359738394,0
8,8,34359738395,0
8,8,34359738396,0
8,8,34359738397,0
8,8,34359738398,0
8,8,34359738399,0
8,8,34359738400,0
8,8,34359738401,0
8,8,34359738402,0
8,8,34359738403,0
8,8,34359738404,0
8,8,34359738405,0
9,8,34359738368,0
9,8,34359738369,0
9,8,34359738370,0
9,8,34359738371,0
9,8,34359738372,0
9,8,34359738373,0
9,8,34359738374,0
9,8,34359738375,0
9,8,34359738376,0
9,8,34359738377,0
9,8,34359738378,0
9,8,34359738379,0
9,8,34359738380,0
9,8,34359738381,0
9,8,34359738382,0
9,8,34359738383,0
9,8,34359738384,0
9,8,34359738385,0
9,8,34359738386,0
9,8,34359738387,0
9,8,34359738388,0
9,8,34359738389,0
9,8,34359738390,0
9,8,34359738391,0
9,8,34359738392,0
9,8,34359738393,0
9,8,34359738394,0
9,8,34359738395,0
9,8,34359738396,0
9,8,34359738397,0
9,8,34359738398,0
9,8,34359738399,0
9,8,34359738400,0
9,8,34359738401,0
9,8,34359738402,0
9,8,34359738403,0
9,8,34359738404,0
9,8,34359738405,0
10,8,34359738368,0
10,8,34359738369,0
10,8,34359738370,0
10,8,34359738371,0
10,8,34359738372,0
10,8,34359738373,0
10,8,34359738374,0
10,8,34359738375,0
10,8,34359738376,0
10,8,34359738377,0
10,8,34359738378,0
10,8,34359738379,0
10,8,34359738380,0
10,8,34359738381,0
10,8,34359738382,0
10,8,34359738383,0
10,8,34359738384,0
10,8,34359738385,0
10,8,34359738386,0
10,8,34359738387,0
10,8,34359738388,0
10,8,34359738389,0
10,8,34359738390,0
10,8,34359738391,0
10,8,34359738392,0
10,8,34359738393,0
10,8,34359738394,0
10,8,34359738395,0
10,8,34359738396,0
10,8,34359738397,0
10,8,34359738398,0
10,8,34359738399,1
10,8,34359738400,0
10,8,34359738401,0
10,8,34359738402,0
10,8,34359738403,0
10,8,34359738404,0
10,8,34359738405,0
11,8,34359738368,0
11,8,34359738369,0
11,8,34359738370,0
11,8,34359738371,0
11,8,34359738372,0
11,8,34359738373,0
11,8,34359738374,0
11,8,34359738375,0
11,8,34359738376,0
11,8,34359738377,0
11,8,34359738378,0
11,8,34359738379,0
11,8,34359738380,0
11,8,34359738381,0
11,8,34359738382,0
11,8,34359738383,0
11,8,34359738384,0
11,8,34359738385,0
11,8,34359738386,0
11,8,34359738387,0
11,8,34359738388,0
11,8,34359738389,0
11,8,34359738390,0
11,8,34359738391,0
11,8,34359738392,0
11,8,34359738393,0
11,8,34359738394,0
11,8,34359738395,0
11,8,34359738396,0
11,8,34359738397,0
11,8,34359738398,0
11,8,34359738399,0
11,8,34359738400,0
11,8,34359738401,0
11,8,34359738402,0
11,8,34359738403,0
11,8,34359738404,0
11,8,34359738405,0
12,8,34359738368,1
12,8,34359738369,0
12,8,34359738370,0
12,8,34359738371,0
12,8,34359738372,0
12,8,34359738373,0
12,8,34359738374,1
12,8,34359738375,0
12,8,34359738376,0
12,8,34359738377,6
12,8,34359738378,0
12,8,34359738379,3
12,8,34359738380,11
12,8,34359738381,2
12,8,34359738382,1
12,8,34359738383,0
12,8,34359738384,2
12,8,34359738385,0
12,8,34359738386,2
12,8,34359738387,5
12,8,34359738388,86
12,8,34359738389,0
12,8,34359738390,1
12,8,34359738391,0
12,8,34359738392,3
12,8,34359738393,0
12,8,34359738394,0
12,8,34359738395,0
12,8,34359738396,0
12,8,34359738397,0
12,8,34359738398,1
12,8,34359738399,3
12,8,34359738400,0
12,8,34359738401,0
12,8,34359738402,0
12,8,34359738403,0
12,8,34359738404,1
12,8,34359738405,3040
13,8,34359738368,0
13,8,34359738369,0
13,8,34359738370,0
13,8,34359738371,0
13,8,34359738372,0
13,8,34359738373,0
13,8,34359738374,0
13,8,34359738375,0
13,8,34359738376,0
13,8,34359738377,1
13,8,34359738378,0
13,8,34359738379,0
13,8,34359738380,1
13,8,34359738381,0
13,8,34359738382,1
13,8,34359738383,0
13,8,34359738384,0
13,8,34359738385,1
13,8,34359738386,0
13,8,34359738387,0
13,8,34359738388,1
13,8,34359738389,1
13,8,34359738390,0
13,8,34359738391,0
13,8,34359738392,1
13,8,34359738393,0
13,8,34359738394,1
13,8,34359738395,0
13,8,34359738396,0
13,8,34359738397,0
13,8,34359738398,1
13,8,34359738399,0
13,8,34359738400,0
13,8,34359738401,0
13,8,34359738402,0
13,8,34359738403,0
13,8,34359738404,0
13,8,34359738405,171
14,8,34359738368,971
14,8,34359738369,566
14,8,34359738370,393
14,8,34359738371,300
14,8,34359738372,592
14,8,34359738373,1000
14,8,34359738374,345
14,8,34359738375,241
14,8,34359738376,223
14,8,34359738377,293
14,8,34359738378,225
14,8,34359738379,188
14,8,34359738380,3712
14,8,34359738381,2319
14,8,34359738382,100
14,8,34359738383,108
14,8,34359738384,183
14,8,34359738385,115
14,8,34359738386,166
14,8,34359738387,245
14,8,34359738388,477
14,8,34359738389,107
14,8,34359738390,215
14,8,34359738391,97
14,8,34359738392,335
14,8,34359738393,100
14,8,34359738394,101
14,8,34359738395,85
14,8,34359738396,179
14,8,34359738397,102
14,8,34359738398,92
14,8,34359738399,342
14,8,34359738400,208
14,8,34359738401,92
14,8,34359738402,83
14,8,34359738403,112
14,8,34359738404,95
14,8,34359738405,4008
15,8,34359738368,0
15,8,34359738369,0
15,8,34359738370,0
15,8,34359738371,0
15,8,34359738372,0
15,8,34359738373,0
15,8,34359738374,0
15,8,34359738375,0
15,8,34359738376,0
15,8,34359738377,0
15,8,34359738378,0
15,8,34359738379,0
15,8,34359738380,0
15,8,34359738381,0
15,8,34359738382,0
15,8,34359738383,0
15,8,34359738384,0
15,8,34359738385,0
15,8,34359738386,0
15,8,34359738387,0
15,8,34359738388,0
15,8,34359738389,0
15,8,34359738390,0
15,8,34359738391,0
15,8,34359738392,0
15,8,34359738393,0
15,8,34359738394,0
15,8,34359738395,0
15,8,34359738396,0
15,8,34359738397,0
15,8,34359738398,0
15,8,34359738399,0
15,8,34359738400,0
15,8,34359738401,0
15,8,34359738402,0
15,8,34359738403,0
15,8,34359738404,0
15,8,34359738405,0
