0,29,124554051584,5
0,29,124554051585,3
0,29,124554051586,1
0,29,124554051587,1
0,29,124554051588,1
0,29,124554051589,6
0,29,124554051590,2
0,29,124554051591,1
0,29,124554051592,1
0,29,124554051593,4
0,29,124554051594,1
0,29,124554051595,0
0,29,124554051596,1
0,29,124554051597,1
0,29,124554051598,1
0,29,124554051599,0
0,29,124554051600,1
0,29,124554051601,1
0,29,124554051602,257
0,29,124554051603,1
0,29,124554051604,0
0,29,124554051605,0
0,29,124554051606,0
0,29,124554051607,0
0,29,124554051608,1
0,29,124554051609,0
0,29,124554051610,1
0,29,124554051611,0
0,29,124554051612,0
0,29,124554051613,1
0,29,124554051614,0
0,29,124554051615,1
0,29,124554051616,0
0,29,124554051617,1
0,29,124554051618,0
0,29,124554051619,1
0,29,124554051620,1
1,29,124554051584,3485
1,29,124554051585,3776
1,29,124554051586,3214
1,29,124554051587,4101
1,29,124554051588,3500
1,29,124554051589,3182
1,29,124554051590,2771
1,29,124554051591,4382
1,29,124554051592,3048
1,29,124554051593,4497
1,29,124554051594,4829
1,29,124554051595,2637
1,29,124554051596,2621
1,29,124554051597,2193
1,29,124554051598,2879
1,29,124554051599,2294
1,29,124554051600,2094
1,29,124554051601,1993
1,29,124554051602,4637
1,29,124554051603,2619
1,29,124554051604,2144
1,29,124554051605,2465
1,29,124554051606,1765
1,29,124554051607,1958
1,29,124554051608,2098
1,29,124554051609,1488
1,29,124554051610,1322
1,29,124554051611,1055
1,29,124554051612,1054
1,29,124554051613,13
1,29,124554051614,10
1,29,124554051615,10
1,29,124554051616,9
1,29,124554051617,10
1,29,124554051618,10
1,29,124554051619,10
1,29,124554051620,10
2,29,124554051584,0
2,29,124554051585,0
2,29,124554051586,0
2,29,124554051587,0
2,29,124554051588,0
2,29,124554051589,0
2,29,124554051590,0
2,29,124554051591,0
2,29,124554051592,0
2,29,124554051593,0
2,29,124554051594,0
2,29,124554051595,0
2,29,124554051596,0
2,29,124554051597,0
2,29,124554051598,0
2,29,124554051599,0
2,29,124554051600,0
2,29,124554051601,0
2,29,124554051602,0
2,29,124554051603,0
2,29,124554051604,0
2,29,124554051605,0
2,29,124554051606,0
2,29,124554051607,0
2,29,124554051608,0
2,29,124554051609,0
2,29,124554051610,0
2,29,124554051611,0
2,29,124554051612,0
2,29,124554051613,0
2,29,124554051614,0
2,29,124554051615,0
2,29,124554051616,0
2,29,124554051617,0
2,29,124554051618,0
2,29,124554051619,0
2,29,124554051620,1
3,29,124554051584,20
3,29,124554051585,2
3,29,124554051586,0
3,29,124554051587,0
3,29,124554051588,0
3,29,124554051589,14
3,29,124554051590,0
3,29,124554051591,0
3,29,124554051592,0
3,29,124554051593,0
3,29,124554051594,0
3,29,124554051595,0
3,29,124554051596,0
3,29,124554051597,0
3,29,124554051598,1
3,29,124554051599,0
3,29,124554051600,0
3,29,124554051601,0
3,29,124554051602,2266338
3,29,124554051603,0
3,29,124554051604,0
3,29,124554051605,0
3,29,124554051606,0
3,29,124554051607,0
3,29,124554051608,0
3,29,124554051609,0
3,29,124554051610,0
3,29,124554051611,0
3,29,124554051612,0
3,29,124554051613,0
3,29,124554051614,1
3,29,124554051615,0
3,29,124554051616,0
3,29,124554051617,0
3,29,124554051618,0
3,29,124554051619,0
3,29,124554051620,0
4,29,124554051584,1
4,29,124554051585,0
4,29,124554051586,0
4,29,124554051587,1
4,29,124554051588,0
4,29,124554051589,1
4,29,124554051590,0
4,29,124554051591,0
4,29,124554051592,1
4,29,124554051593,13
4,29,124554051594,0
4,29,124554051595,0
4,29,124554051596,0
4,29,124554051597,1
4,29,124554051598,0
4,29,124554051599,0
4,29,124554051600,1
4,29,124554051601,0
4,29,124554051602,29768
4,29,124554051603,1
4,29,124554051604,0
4,29,124554051605,0
4,29,124554051606,0
4,29,124554051607,0
4,29,124554051608,0
4,29,124554051609,0
4,29,124554051610,0
4,29,124554051611,0
4,29,124554051612,0
4,29,124554051613,1
4,29,124554051614,0
4,29,124554051615,0
4,29,124554051616,1
4,29,124554051617,0
4,29,124554051618,0
4,29,124554051619,1
4,29,124554051620,0
5,29,124554051584,1
5,29,124554051585,0
5,29,124554051586,0
5,29,124554051587,0
5,29,124554051588,0
5,29,124554051589,0
5,29,124554051590,0
5,29,124554051591,0
5,29,124554051592,0
5,29,124554051593,15
5,29,124554051594,0
5,29,124554051595,1
5,29,124554051596,0
5,29,124554051597,0
5,29,124554051598,0
5,29,124554051599,0
5,29,124554051600,0
5,29,124554051601,0
5,29,124554051602,1143
5,29,124554051603,0
5,29,124554051604,0
5,29,124554051605,0
5,29,124554051606,0
5,29,124554051607,0
5,29,124554051608,0
5,29,124554051609,1
5,29,124554051610,0
5,29,124554051611,0
5,29,124554051612,0
5,29,124554051613,0
5,29,124554051614,0
5,29,124554051615,0
5,29,124554051616,1
5,29,124554051617,0
5,29,124554051618,0
5,29,124554051619,1
5,29,124554051620,0
6,29,124554051584,0
6,29,124554051585,0
6,29,124554051586,0
6,29,124554051587,0
6,29,124554051588,0
6,29,124554051589,0
6,29,124554051590,0
6,29,124554051591,1
6,29,124554051592,0
6,29,124554051593,0
6,29,124554051594,0
6,29,124554051595,0
6,29,124554051596,0
6,29,124554051597,0
6,29,124554051598,0
6,29,124554051599,0
6,29,124554051600,0
6,29,124554051601,0
6,29,124554051602,43
6,29,124554051603,0
6,29,124554051604,0
6,29,124554051605,0
6,29,124554051606,0
6,29,124554051607,0
6,29,124554051608,0
6,29,124554051609,1
6,29,124554051610,0
6,29,124554051611,0
6,29,124554051612,0
6,29,124554051613,0
6,29,124554051614,0
6,29,124554051615,0
6,29,124554051616,0
6,29,124554051617,0
6,29,124554051618,0
6,29,124554051619,0
6,29,124554051620,0
7,29,124554051584,0
7,29,124554051585,0
7,29,124554051586,0
7,29,124554051587,0
7,29,124554051588,0
7,29,124554051589,0
7,29,124554051590,0
7,29,124554051591,0
7,29,124554051592,0
7,29,124554051593,0
7,29,124554051594,1
7,29,124554051595,0
7,29,124554051596,0
7,29,124554051597,0
7,29,124554051598,0
7,29,124554051599,0
7,29,124554051600,0
7,29,124554051601,0
7,29,124554051602,4
7,29,124554051603,0
7,29,124554051604,1
7,29,124554051605,0
7,29,124554051606,0
7,29,124554051607,0
7,29,124554051608,0
7,29,124554051609,0
7,29,124554051610,0
7,29,124554051611,0
7,29,124554051612,0
7,29,124554051613,0
7,29,124554051614,0
7,29,124554051615,0
7,29,124554051616,1
7,29,124554051617,0
7,29,124554051618,0
7,29,124554051619,0
7,29,124554051620,0
8,29,124554051584,0
8,29,124554051585,1
8,29,124554051586,0
8,29,124554051587,0
8,29,124554051588,0
8,29,124554051589,0
8,29,124554051590,0
8,29,124554051591,0
8,29,124554051592,0
8,29,124554051593,0
8,29,124554051594,0
8,29,124554051595,0
8,29,124554051596,0
8,29,124554051597,0
8,29,124554051598,0
8,29,124554051599,0
8,29,124554051600,0
8,29,124554051601,0
8,29,124554051602,0
8,29,124554051603,0
8,29,124554051604,0
8,29,124554051605,0
8,29,124554051606,0
8,29,124554051607,0
8,29,124554051608,0
8,29,124554051609,0
8,29,124554051610,0
8,29,124554051611,0
8,29,124554051612,0
8,29,124554051613,0
8,29,124554051614,0
8,29,124554051615,0
8,29,124554051616,0
8,29,124554051617,0
8,29,124554051618,0
8,29,124554051619,0
8,29,124554051620,0
9,29,124554051584,1
9,29,124554051585,0
9,29,124554051586,0
9,29,124554051587,0
9,29,124554051588,0
9,29,124554051589,0
9,29,124554051590,0
9,29,124554051591,0
9,29,124554051592,0
9,29,124554051593,0
9,29,124554051594,0
9,29,124554051595,0
9,29,124554051596,0
9,29,124554051597,0
9,29,124554051598,0
9,29,124554051599,0
9,29,124554051600,0
9,29,124554051601,0
9,29,124554051602,0
9,29,124554051603,0
9,29,124554051604,0
9,29,124554051605,0
9,29,124554051606,0
9,29,124554051607,0
9,29,124554051608,0
9,29,124554051609,0
9,29,124554051610,0
9,29,124554051611,0
9,29,124554051612,0
9,29,124554051613,0
9,29,124554051614,0
9,29,124554051615,0
9,29,124554051616,0
9,29,124554051617,0
9,29,124554051618,0
9,29,124554051619,0
9,29,124554051620,0
10,29,124554051584,0
10,29,124554051585,0
10,29,124554051586,0
10,29,124554051587,0
10,29,124554051588,0
10,29,124554051589,0
10,29,124554051590,0
10,29,124554051591,0
10,29,124554051592,0
10,29,124554051593,0
10,29,124554051594,0
10,29,124554051595,0
10,29,124554051596,0
10,29,124554051597,0
10,29,124554051598,0
10,29,124554051599,0
10,29,124554051600,0
10,29,124554051601,0
10,29,124554051602,0
10,29,124554051603,0
10,29,124554051604,0
10,29,124554051605,0
10,29,124554051606,0
10,29,124554051607,0
10,29,124554051608,0
10,29,124554051609,0
10,29,124554051610,0
10,29,124554051611,0
10,29,124554051612,1
10,29,124554051613,0
10,29,124554051614,0
10,29,124554051615,0
10,29,124554051616,0
10,29,124554051617,0
10,29,124554051618,0
10,29,124554051619,0
10,29,124554051620,0
11,29,124554051584,1
11,29,124554051585,0
11,29,124554051586,0
11,29,124554051587,0
11,29,124554051588,0
11,29,124554051589,0
11,29,124554051590,0
11,29,124554051591,0
11,29,124554051592,0
11,29,124554051593,0
11,29,124554051594,0
11,29,124554051595,0
11,29,124554051596,0
11,29,124554051597,0
11,29,124554051598,0
11,29,124554051599,0
11,29,124554051600,0
11,29,124554051601,0
11,29,124554051602,0
11,29,124554051603,0
11,29,124554051604,0
11,29,124554051605,0
11,29,124554051606,0
11,29,124554051607,0
11,29,124554051608,0
11,29,124554051609,0
11,29,124554051610,0
11,29,124554051611,0
11,29,124554051612,0
11,29,124554051613,0
11,29,124554051614,0
11,29,124554051615,0
11,29,124554051616,0
11,29,124554051617,0
11,29,124554051618,0
11,29,124554051619,0
11,29,124554051620,0
12,29,124554051584,4
12,29,124554051585,1
12,29,124554051586,0
12,29,124554051587,1
12,29,124554051588,0
12,29,124554051589,11
12,29,124554051590,1
12,29,124554051591,0
12,29,124554051592,0
12,29,124554051593,99
12,29,124554051594,0
12,29,124554051595,0
12,29,124554051596,0
12,29,124554051597,1
12,29,124554051598,0
12,29,124554051599,0
12,29,124554051600,0
12,29,124554051601,0
12,29,124554051602,3380
12,29,124554051603,0
12,29,124554051604,0
12,29,124554051605,0
12,29,124554051606,1
12,29,124554051607,0
12,29,124554051608,0
12,29,124554051609,0
12,29,124554051610,0
12,29,124554051611,0
12,29,124554051612,0
12,29,124554051613,0
12,29,124554051614,0
12,29,124554051615,0
12,29,124554051616,1
12,29,124554051617,0
12,29,124554051618,0
12,29,124554051619,0
12,29,124554051620,0
13,29,124554051584,1
13,29,124554051585,1
13,29,124554051586,0
13,29,124554051587,0
13,29,124554051588,0
13,29,124554051589,1
13,29,124554051590,0
13,29,124554051591,0
13,29,124554051592,1
13,29,124554051593,1
13,29,124554051594,0
13,29,124554051595,0
13,29,124554051596,0
13,29,124554051597,1
13,29,124554051598,0
13,29,124554051599,0
13,29,124554051600,1
13,29,124554051601,0
13,29,124554051602,240
13,29,124554051603,0
13,29,124554051604,1
13,29,124554051605,0
13,29,124554051606,1
13,29,124554051607,0
13,29,124554051608,0
13,29,124554051609,0
13,29,124554051610,1
13,29,124554051611,0
13,29,124554051612,0
13,29,124554051613,1
13,29,124554051614,0
13,29,124554051615,1
13,29,124554051616,0
13,29,124554051617,0
13,29,124554051618,0
13,29,124554051619,1
13,29,124554051620,0
14,29,124554051584,687
14,29,124554051585,467
14,29,124554051586,692
14,29,124554051587,591
14,29,124554051588,647
14,29,124554051589,301
14,29,124554051590,214
14,29,124554051591,237
14,29,124554051592,369
14,29,124554051593,246
14,29,124554051594,313
14,29,124554051595,222
14,29,124554051596,298
14,29,124554051597,204
14,29,124554051598,515
14,29,124554051599,101
14,29,124554051600,84
14,29,124554051601,91
14,29,124554051602,6765
14,29,124554051603,186
14,29,124554051604,103
14,29,124554051605,2614
14,29,124554051606,1775
14,29,124554051607,243
14,29,124554051608,174
14,29,124554051609,217
14,29,124554051610,94
14,29,124554051611,536
14,29,124554051612,188
14,29,124554051613,100
14,29,124554051614,79
14,29,124554051615,90
14,29,124554051616,99
14,29,124554051617,93
14,29,124554051618,97
14,29,124554051619,216
14,29,124554051620,85
15,29,124554051584,0
15,29,124554051585,0
15,29,124554051586,0
15,29,124554051587,0
15,29,124554051588,0
15,29,124554051589,0
15,29,124554051590,0
15,29,124554051591,0
15,29,124554051592,0
15,29,124554051593,0
15,29,124554051594,0
15,29,124554051595,0
15,29,124554051596,0
15,29,124554051597,0
15,29,124554051598,0
15,29,124554051599,0
15,29,124554051600,0
15,29,124554051601,0
15,29,124554051602,0
15,29,124554051603,0
15,29,124554051604,0
15,29,124554051605,0
15,29,124554051606,0
15,29,124554051607,0
15,29,124554051608,0
15,29,124554051609,0
15,29,124554051610,0
15,29,124554051611,0
15,29,124554051612,0
15,29,124554051613,0
15,29,124554051614,0
15,29,124554051615,0
15,29,124554051616,0
15,29,124554051617,0
15,29,124554051618,0
15,29,124554051619,0
15,29,124554051620,0
