0,3,12884901888,3
0,3,12884901889,2
0,3,12884901890,1
0,3,12884901891,3
0,3,12884901892,0
0,3,12884901893,0
0,3,12884901894,0
0,3,12884901895,1
0,3,12884901896,0
0,3,12884901897,1
0,3,12884901898,4
0,3,12884901899,0
0,3,12884901900,2
0,3,12884901901,1
0,3,12884901902,0
0,3,12884901903,1
0,3,12884901904,0
0,3,12884901905,3
0,3,12884901906,0
0,3,12884901907,1
0,3,12884901908,344
1,3,12884901888,3393
1,3,12884901889,3816
1,3,12884901890,3198
1,3,12884901891,3390
1,3,12884901892,3432
1,3,12884901893,2981
1,3,12884901894,2955
1,3,12884901895,2596
1,3,12884901896,4741
1,3,12884901897,4497
1,3,12884901898,4897
1,3,12884901899,2721
1,3,12884901900,2620
1,3,12884901901,2560
1,3,12884901902,1868
1,3,12884901903,2420
1,3,12884901904,2177
1,3,12884901905,2212
1,3,12884901906,4703
1,3,12884901907,1540
1,3,12884901908,2409
2,3,12884901888,0
2,3,12884901889,0
2,3,12884901890,0
2,3,12884901891,0
2,3,12884901892,0
2,3,12884901893,0
2,3,12884901894,0
2,3,12884901895,0
2,3,12884901896,0
2,3,12884901897,0
2,3,12884901898,0
2,3,12884901899,0
2,3,12884901900,0
2,3,12884901901,0
2,3,12884901902,0
2,3,12884901903,0
2,3,12884901904,0
2,3,12884901905,0
2,3,12884901906,0
2,3,12884901907,0
2,3,12884901908,620801
3,3,12884901888,0
3,3,12884901889,1
3,3,12884901890,0
3,3,12884901891,0
3,3,12884901892,0
3,3,12884901893,0
3,3,12884901894,2
3,3,12884901895,0
3,3,12884901896,0
3,3,12884901897,0
3,3,12884901898,0
3,3,12884901899,0
3,3,12884901900,0
3,3,12884901901,0
3,3,12884901902,0
3,3,12884901903,1
3,3,12884901904,0
3,3,12884901905,0
3,3,12884901906,0
3,3,12884901907,1
3,3,12884901908,478831
4,3,12884901888,0
4,3,12884901889,1
4,3,12884901890,0
4,3,12884901891,8
4,3,12884901892,0
4,3,12884901893,0
4,3,12884901894,1
4,3,12884901895,0
4,3,12884901896,0
4,3,12884901897,0
4,3,12884901898,2
4,3,12884901899,0
4,3,12884901900,1
4,3,12884901901,1
4,3,12884901902,0
4,3,12884901903,0
4,3,12884901904,0
4,3,12884901905,8
4,3,12884901906,0
4,3,12884901907,1
4,3,12884901908,43920
5,3,12884901888,1
5,3,12884901889,2
5,3,12884901890,0
5,3,12884901891,1
5,3,12884901892,0
5,3,12884901893,0
5,3,12884901894,0
5,3,12884901895,1
5,3,12884901896,0
5,3,12884901897,0
5,3,12884901898,0
5,3,12884901899,0
5,3,12884901900,2
5,3,12884901901,1
5,3,12884901902,0
5,3,12884901903,0
5,3,12884901904,1
5,3,12884901905,0
5,3,12884901906,0
5,3,12884901907,0
5,3,12884901908,340
6,3,12884901888,0
6,3,12884901889,0
6,3,12884901890,0
6,3,12884901891,1
6,3,12884901892,0
6,3,12884901893,0
6,3,12884901894,0
6,3,12884901895,0
6,3,12884901896,0
6,3,12884901897,0
6,3,12884901898,0
6,3,12884901899,0
6,3,12884901900,0
6,3,12884901901,0
6,3,12884901902,0
6,3,12884901903,0
6,3,12884901904,0
6,3,12884901905,0
6,3,12884901906,0
6,3,12884901907,0
6,3,12884901908,5
7,3,12884901888,0
7,3,12884901889,0
7,3,12884901890,0
7,3,12884901891,0
7,3,12884901892,0
7,3,12884901893,0
7,3,12884901894,0
7,3,12884901895,0
7,3,12884901896,0
7,3,12884901897,0
7,3,12884901898,0
7,3,12884901899,0
7,3,12884901900,0
7,3,12884901901,0
7,3,12884901902,0
7,3,12884901903,0
7,3,12884901904,0
7,3,12884901905,0
7,3,12884901906,0
7,3,12884901907,0
7,3,12884901908,0
8,3,12884901888,0
8,3,12884901889,0
8,3,12884901890,0
8,3,12884901891,1
8,3,12884901892,0
8,3,12884901893,0
8,3,12884901894,0
8,3,12884901895,0
8,3,12884901896,0
8,3,12884901897,0
8,3,12884901898,0
8,3,12884901899,0
8,3,12884901900,0
8,3,12884901901,0
8,3,12884901902,0
8,3,12884901903,0
8,3,12884901904,0
8,3,12884901905,0
8,3,12884901906,0
8,3,12884901907,0
8,3,12884901908,0
9,3,12884901888,0
9,3,12884901889,0
9,3,12884901890,0
9,3,12884901891,0
9,3,12884901892,0
9,3,12884901893,0
9,3,12884901894,0
9,3,12884901895,1
9,3,12884901896,0
9,3,12884901897,0
9,3,12884901898,0
9,3,12884901899,0
9,3,12884901900,0
9,3,12884901901,0
9,3,12884901902,0
9,3,12884901903,0
9,3,12884901904,0
9,3,12884901905,0
9,3,12884901906,0
9,3,12884901907,0
9,3,12884901908,0
10,3,12884901888,0
10,3,12884901889,0
10,3,12884901890,0
10,3,12884901891,0
10,3,12884901892,0
10,3,12884901893,0
10,3,12884901894,0
10,3,12884901895,0
10,3,12884901896,0
10,3,12884901897,0
10,3,12884901898,0
10,3,12884901899,0
10,3,12884901900,0
10,3,12884901901,0
10,3,12884901902,0
10,3,12884901903,0
10,3,12884901904,0
10,3,12884901905,0
10,3,12884901906,0
10,3,12884901907,0
10,3,12884901908,0
11,3,12884901888,0
11,3,12884901889,0
11,3,12884901890,0
11,3,12884901891,0
11,3,12884901892,0
11,3,12884901893,0
11,3,12884901894,0
11,3,12884901895,0
11,3,12884901896,0
11,3,12884901897,1
11,3,12884901898,0
11,3,12884901899,0
11,3,12884901900,0
11,3,12884901901,0
11,3,12884901902,0
11,3,12884901903,0
11,3,12884901904,0
11,3,12884901905,0
11,3,12884901906,0
11,3,12884901907,0
11,3,12884901908,0
12,3,12884901888,2
12,3,12884901889,4
12,3,12884901890,0
12,3,12884901891,11
12,3,12884901892,0
12,3,12884901893,0
12,3,12884901894,0
12,3,12884901895,1
12,3,12884901896,0
12,3,12884901897,0
12,3,12884901898,1
12,3,12884901899,0
12,3,12884901900,2
12,3,12884901901,0
12,3,12884901902,0
12,3,12884901903,1
12,3,12884901904,0
12,3,12884901905,32
12,3,12884901906,0
12,3,12884901907,0
12,3,12884901908,5321
13,3,12884901888,1
13,3,12884901889,1
13,3,12884901890,1
13,3,12884901891,1
13,3,12884901892,1
13,3,12884901893,1
13,3,12884901894,1
13,3,12884901895,1
13,3,12884901896,0
13,3,12884901897,0
13,3,12884901898,2
13,3,12884901899,1
13,3,12884901900,1
13,3,12884901901,0
13,3,12884901902,0
13,3,12884901903,1
13,3,12884901904,0
13,3,12884901905,0
13,3,12884901906,1
13,3,12884901907,0
13,3,12884901908,187
14,3,12884901888,1120
14,3,12884901889,429
14,3,12884901890,796
14,3,12884901891,588
14,3,12884901892,264
14,3,12884901893,153
14,3,12884901894,215
14,3,12884901895,237
14,3,12884901896,187
14,3,12884901897,387
14,3,12884901898,246
14,3,12884901899,289
14,3,12884901900,136
14,3,12884901901,408
14,3,12884901902,211
14,3,12884901903,84
14,3,12884901904,2465
14,3,12884901905,3651
14,3,12884901906,268
14,3,12884901907,318
14,3,12884901908,4755
15,3,12884901888,0
15,3,12884901889,0
15,3,12884901890,0
15,3,12884901891,0
15,3,12884901892,0
15,3,12884901893,0
15,3,12884901894,0
15,3,12884901895,0
15,3,12884901896,0
15,3,12884901897,0
15,3,12884901898,0
15,3,12884901899,0
15,3,12884901900,0
15,3,12884901901,0
15,3,12884901902,0
15,3,12884901903,0
15,3,12884901904,0
15,3,12884901905,0
15,3,12884901906,0
15,3,12884901907,0
15,3,12884901908,0
