#/home/ravikant/PycharmProjects/BFS_Simulation/igraph/test.py
# GMT Sat Apr  8 13:24:21 2017
# fast_gnp_random_graph(100,0.2)
0 33 35 6 81 40 9 42 50 15 17 18 67 90 87 24 72 26 60 61 30 95
1 66 37 40 45 80 19 84 53 90 27 29 30
2 64 33 69 38 72 92 87 44 78 16 17 18 84 57 86 55 25 90 95 70 85
3 34 35 66 7 72 39 13 14 79 17 75 67 85 82 55 88 59 62 63
4 66 69 8 41 42 44 50 77 18 19 84 53 57 98 60 93 62
5 7 9 13 16 19 23 28 34 36 45 50 52 61 67 68 77 81 86 87 90 97 98
6 64 75 65 39 71 12 77 46 15 49 18 22 57 26
7 32 64 98 36 70 71 41 14 15 80 88 91 51 52 22 23 24 47 69
8 64 65 38 49 44 10 87 12 48 17 52 85 86 73 24 57 58 59 30
9 34 35 36 39 73 98 89 82 83 22 23 68 26 59 69
10 15 17 19 20 21 25 29 33 36 37 38 40 41 51 61 66 74 76 77 78 85 95
11 32 64 83 69 43 46 51 14 56 62 95
12 58 96 35 42 78 47 81 19 53 86 26 29 30
13 32 96 72 60 44 48 76 91 53 56 26 59 28 30
14 21 26 35 41 44 45 47 49 52 60 65 67 71 72 74 77 86 94 99
15 33 91 97 38 96 71 77 50 20 85 54 88 27 74 31
16 96 34 70 42 43 44 45 17 86 89 57 26 47 58 62
17 80 70 97 75 52 53 22 85 56 84 42 62 31
18 32 35 69 39 74 75 78 82 67 55 89 59 31
19 75 77 50 83 82 54 23 28 29 85
20 26 28 32 35 36 37 39 40 54 56 60 63 66 69 73 74 77 80 83 87 88 90 99
21 87 40 73 43 47 99 83 52 78 55 26 27
22 67 49 38 79 76 45 78 47 51 55 56 26 27 94 63
23 65 66 97 37 78 47 48 92 86 88 26 63 60 93 94
24 64 34 99 36 74 44 50 53 91
25 96 76 93 47 88 82 84 86 56 57 63 29 30 31
26 32 33 35 45 47 48 54 55 66 67 68 69 80 82 84 91 96 99
27 34 37 33 80 71 78 61 46 48 49 89 86 53 62 31
28 51 83 67 38 41 43 49 82 89 69 52 58 29 30 37
29 64 98 69 38 71 60 45 96 80 89 90 91 74 51
30 65 64 44 74 75 46 76 51 89 57 88
31 66 59 39 44 50 52 85 54 92 63
32 86 72 76 44 79 81 54 57 39 60 63
33 97 36 37 39 41 43 34 47 48 93 78 61
34 40 43 53 54 57 58 64 73 76 78 81 83 84 86 91 92 96 98
35 36 37 39 43 45 46 48 50 53 56 59 62 68 70 82 83 86
36 38 80 45 48 99 53 58 63 92 85 37
37 97 70 60 71 78 46 49 83 53 54 84 74
38 91 81 75 72 88 68 79
39 45 52 53 56 64 67 68 75 77 78 82 90 94 96 97
40 67 68 64 83 44 66 81 51 88 58 42 62 63
41 65 43 44 77 79 84 53 68 90 59 78 62 85
42 91 71 79 89 85 86 87 57 59 61 94 63
43 69 81 80 45 49 83 84 73 88 57 87 59 61
44 46 54 58 61 65 66 67 72 79 81 83 87 88 90 93
45 58 96 93 51 90 53 89 86
46 47 49 50 55 62 65 72 75 78 83 85 87 88 92 94
47 51 53 54 56 60 69 72 79 81 83 89 90 93 95
48 81 75 78 72 52 68 62
49 56 60 62 64 66 67 69 73 74 75 77 80 81 87 92
50 67 70 93 85 55 68 60 61
51 66 70 93 81 84 57
52 66 67 60 78 79 91 83 99 88 71 59
53 68 71 74 75 77 80 83 85 90 94 97
54 96 68 83 61 78 86 87 58
55 96 82 71 74 77 80 95 90 91 61 63
56 64 84 68 82 97 88 79 94 63
57 65 67 73 92 95 60 93 63
58 64 75 85 87 61
59 81 99 72 85 87 75 92
60 62 63 64 67 68 73 74 83 86 88 89 96
61 66 87 93 89 63
62 69 71 72 75 76 79 80 84 87 91 93
63 98 89 72 75
64 65 66 76 78 79 80 81 83 86 92 94 96
65 67 74 77 81 99 95
66 98 70 78
67 72 74 76 79 80 85 86 90 91 98
68 72 74 76 78 84 91 93 94 98
69 81 91 73 79
70 88 90 92 93
71 97 72 80 83 89 92
72 93 81 78
73 96 76 79 82 93 85
74 82 89
75 78 85 86 91 92 95 96 98 99
76 98 77 83
77 99 84
78 82 84 89
79 83 90
80 98 87 86 92 95
81 83 86 90 92 97 98
82 83 87 88 84 90
83 85 87 98 99
84 86 89
85 86 91 97
86 87 97
87 90 94 96
88 92 99 91
89 93 92 95
90 94 95
91
92 98
93 99
94
95 99
96
97
98
99
